500 50
46 40 7 9 8 42 47 38 8 27 49 36 9 16 40 9 47 19 5 26 33 42 10 36 30 30 6 11 44 26 26 23 23 16 25 22 1 6 50 17 14 20 8 7 7 24 17 39 27 21 
6 8 24
21 22 23
18 21 3
18 22 4
7 9 39
22 2 1
18 21 12
23 3 34
4 7 30
21 0 7
17 19 37
4 8 22
8 12 6
4 7 24
11 14 34
6 10 44
3 6 1
10 12 27
5 8 39
18 23 26
13 19 2
17 20 34
19 23 41
6 7 27
11 14 15
19 21 9
18 20 4
18 20 21
1 3 44
2 5 43
10 12 23
14 17 7
0 3 47
1 4 12
23 3 18
20 23 18
11 15 31
9 12 25
7 12 44
22 2 21
8 13 8
4 7 9
20 22 3
21 0 50
16 17 7
15 18 22
14 18 41
22 1 19
15 18 36
23 2 14
15 18 25
21 22 40
3 5 32
21 2 4
3 7 7
1 5 43
1 5 1
14 18 32
9 11 2
22 23 23
0 2 15
17 20 34
23 3 2
18 22 25
0 3 13
20 0 7
18 21 41
14 17 28
3 6 28
3 6 25
2 3 11
2 5 24
16 17 50
0 3 11
5 8 41
17 20 21
3 7 15
7 10 28
15 19 16
4 8 37
20 23 47
18 20 10
20 0 5
0 2 45
20 23 7
4 7 27
15 19 50
0 3 23
21 1 9
20 0 17
10 14 21
15 17 27
10 13 8
15 19 8
11 14 10
14 15 41
11 14 23
5 8 6
19 23 17
19 21 34
10 14 37
22 3 49
14 19 12
20 23 29
0 3 50
8 10 15
11 14 34
8 12 32
15 17 17
11 15 13
10 15 27
11 14 30
19 22 9
2 4 25
16 17 43
13 16 13
18 20 45
19 0 43
14 16 26
12 15 12
19 22 20
4 6 7
20 0 10
0 3 49
6 7 40
7 10 16
21 1 16
7 9 28
5 8 23
7 7 4
22 1 36
6 9 2
3 5 2
1 4 38
12 13 2
19 23 23
18 21 16
16 19 27
6 10 34
3 6 47
2 5 8
18 21 11
23 1 31
1 6 50
19 22 6
0 3 45
17 20 6
21 0 38
10 13 33
2 4 24
7 9 30
13 17 41
20 22 7
16 19 42
12 14 29
14 16 43
21 23 21
9 12 41
11 14 15
3 4 10
15 19 12
6 10 22
20 22 13
7 10 11
4 6 4
21 1 47
10 15 33
4 5 13
11 15 23
2 5 40
14 17 14
17 18 40
8 11 50
2 3 14
17 20 36
4 9 48
23 2 8
1 3 22
9 13 20
14 17 25
12 15 24
15 17 22
8 11 7
23 4 43
7 12 6
14 15 25
13 15 13
16 20 42
17 20 35
9 13 46
20 0 11
19 22 15
4 7 18
18 20 26
10 13 25
20 22 5
20 22 43
13 15 7
1 2 4
3 5 29
8 10 25
19 23 8
3 5 23
23 2 41
14 17 15
4 6 3
6 7 23
0 3 34
0 3 19
4 9 44
14 17 9
18 22 24
19 21 35
15 18 16
10 12 2
8 10 29
22 2 8
7 10 46
23 1 46
11 14 19
11 14 7
5 5 28
18 22 45
16 18 6
11 15 23
14 17 43
5 7 27
18 21 17
17 19 5
6 8 40
23 2 34
2 4 25
20 2 39
22 1 45
8 11 17
12 14 7
0 2 8
14 17 4
3 7 23
0 2 10
15 18 46
15 20 30
13 15 47
5 7 17
1 3 41
16 18 2
11 15 37
6 8 5
9 12 13
11 15 22
2 4 31
12 15 7
5 9 26
4 9 21
15 19 38
18 21 35
6 7 11
10 13 28
19 22 9
1 4 1
9 12 1
19 21 41
21 0 23
23 2 48
15 19 37
12 14 6
18 23 34
16 21 25
15 19 15
15 19 16
2 4 2
7 9 43
4 6 17
3 7 19
14 15 24
0 2 11
14 16 30
0 3 15
4 7 22
0 4 3
21 0 18
10 12 14
2 5 39
9 12 8
13 17 18
18 22 1
2 4 23
0 4 2
12 14 26
4 7 33
0 4 12
1 4 30
22 0 45
19 21 17
9 12 34
10 13 13
8 11 49
6 9 13
7 10 8
19 23 21
20 0 2
15 18 11
16 18 36
14 18 3
8 11 16
23 2 28
22 2 43
0 2 11
18 21 39
13 16 48
4 8 35
5 8 41
9 12 1
1 6 49
5 9 22
23 1 32
0 4 33
4 7 26
13 15 19
17 19 5
15 19 17
19 21 1
10 11 2
12 15 1
2 6 43
8 11 31
5 9 11
14 17 15
0 3 3
22 23 30
1 3 11
16 19 1
15 19 28
12 15 9
3 6 30
8 11 1
4 7 25
18 22 43
6 8 3
14 20 50
19 22 46
5 9 45
13 16 10
9 11 43
3 7 7
22 0 49
15 18 10
8 10 5
4 8 10
12 17 14
21 0 40
5 9 7
19 21 32
20 22 48
13 15 41
11 13 9
23 2 36
19 22 48
14 17 2
21 0 2
2 5 27
3 8 33
2 3 20
17 20 30
5 8 27
3 6 21
1 4 50
19 21 50
1 4 34
4 8 46
8 10 49
12 16 49
4 9 10
6 8 35
5 9 20
6 9 45
7 10 38
21 22 16
13 16 9
10 11 35
21 0 20
10 12 8
7 11 40
15 18 39
5 10 28
20 23 23
20 22 28
18 21 22
0 4 26
20 23 6
8 10 1
5 6 48
19 21 28
12 16 40
6 9 24
13 15 2
8 12 25
9 13 17
20 22 24
23 3 15
12 15 22
0 3 29
16 21 19
14 18 9
8 11 46
9 11 33
0 2 29
22 2 5
17 20 28
9 13 41
5 8 40
20 23 17
4 7 47
18 23 3
1 2 8
2 6 17
4 6 47
2 6 4
10 13 36
7 9 14
0 3 36
14 19 34
20 0 27
22 0 8
23 1 20
23 2 29
7 10 17
9 11 38
14 15 17
9 11 19
19 22 9
7 11 30
2 4 15
18 22 44
14 17 23
15 17 41
5 7 3
3 6 42
10 14 19
0 4 16
5 9 21
14 16 33
4 8 14
6 8 38
14 15 47
6 9 50
13 18 35
22 2 37
2 4 7
8 10 14
17 20 8
7 7 4
1 4 50
4 9 7
4 7 2
12 14 23
21 0 4
13 17 29
3 5 42
17 20 50
22 0 2
13 16 11
11 14 9
9 13 16
23 2 43
22 1 32
21 22 49
18 21 17
20 0 38
0 4 48
17 19 43
15 17 26
3 5 20
9 12 44
8 13 40
12 16 10
15 18 10
9 12 26
20 0 24
4 7 2
3 6 15
14 17 45
18 21 5
17 21 31
12 14 48
11 14 44
20 23 32
22 0 7
10 13 49
6 9 42
2 6 41
3 6 46
14 19 37
15 18 39
3 6 18
23 4 44
20 23 41
15 18 46
0 3 33
19 23 48
