300 4
3 3 1 1 
20 0 2
12 14 3
4 7 2
10 12 2
1 4 2
6 9 2
13 17 4
0 4 4
10 15 3
1 4 4
9 12 2
20 22 2
22 0 4
8 10 4
6 9 4
14 17 1
6 9 1
1 2 1
20 23 2
19 0 4
23 3 2
14 17 1
6 9 4
8 11 3
9 13 4
1 5 2
19 22 4
0 2 1
18 21 2
10 12 1
7 11 1
12 16 4
23 2 3
6 5 2
23 4 3
22 1 4
0 2 1
11 15 2
10 13 4
5 9 2
19 22 3
16 22 4
1 4 2
6 9 1
12 13 4
19 22 1
2 5 1
23 3 3
16 17 3
16 20 4
8 10 4
21 1 1
5 7 2
16 19 3
13 16 2
22 1 3
22 2 1
0 3 1
10 14 4
0 2 3
11 15 4
1 3 2
1 5 2
15 18 3
16 19 3
0 2 3
22 23 2
11 15 1
12 14 3
23 3 1
3 6 1
14 18 4
7 12 4
21 1 3
13 16 4
13 14 1
13 16 4
1 3 2
2 5 4
21 1 4
14 16 3
13 17 2
17 20 3
0 5 1
0 3 1
6 10 1
6 7 2
15 17 3
19 23 4
14 19 4
5 10 4
11 13 2
8 12 1
6 8 2
21 0 4
21 1 4
2 5 1
2 5 3
18 19 2
1 5 3
2 5 2
21 23 2
1 4 2
20 0 4
12 15 3
17 21 4
13 15 1
0 1 3
11 13 3
7 10 2
21 22 4
3 4 2
2 3 4
22 0 3
6 8 2
15 17 4
17 20 3
10 15 3
18 20 4
0 4 2
0 3 3
7 10 2
0 3 1
9 12 1
18 21 4
14 17 1
12 14 1
7 9 2
19 22 4
22 0 3
21 0 1
11 15 2
16 19 1
15 18 1
12 15 2
22 2 4
10 13 4
8 12 2
14 17 2
4 8 3
0 4 3
10 13 4
3 5 1
22 1 1
21 0 3
17 20 4
0 2 3
21 0 3
2 5 1
4 6 4
11 15 4
20 0 4
17 20 1
21 23 3
16 20 4
21 1 2
2 4 2
13 17 2
23 3 2
23 1 4
16 20 4
14 18 3
3 6 4
0 2 4
19 22 3
13 16 4
1 3 4
16 19 2
7 11 1
22 1 2
8 10 4
5 9 2
12 15 3
1 5 1
18 21 4
10 14 1
18 21 2
14 18 4
20 23 2
18 21 4
12 16 2
1 2 1
0 2 3
8 13 1
16 19 2
16 19 3
2 5 1
2 7 3
0 3 3
8 10 4
17 20 3
6 10 2
23 1 1
22 0 1
23 2 2
13 15 1
16 19 2
9 10 3
8 10 2
7 11 1
16 18 4
12 16 1
20 23 1
6 10 2
13 16 1
2 3 2
15 19 2
21 23 4
19 21 1
1 5 4
10 13 2
1 4 4
10 13 4
17 20 2
2 3 3
0 2 3
14 17 1
23 3 4
9 11 3
19 0 2
11 15 2
5 8 3
11 16 2
13 17 4
2 6 3
4 8 1
17 20 2
13 15 2
7 11 2
16 19 3
0 3 3
10 11 1
4 7 1
7 11 4
5 8 4
22 3 4
11 15 3
1 5 1
23 2 2
4 7 2
16 19 1
18 21 1
10 13 3
9 12 1
16 19 1
4 6 3
16 19 1
8 12 4
16 18 4
14 17 3
12 14 2
14 17 2
23 2 1
14 18 2
12 15 3
14 19 1
17 20 4
11 14 2
20 1 3
0 3 1
7 9 3
22 4 1
2 5 3
6 8 1
3 6 4
14 16 2
1 5 2
14 16 4
14 14 1
18 23 4
6 8 2
3 6 2
23 1 4
14 17 2
8 12 2
17 21 3
3 6 1
8 11 1
3 6 2
0 1 2
7 10 4
9 12 3
0 4 3
19 20 2
16 19 1
8 12 1
13 16 4
7 11 3
5 7 3
12 14 1
16 19 2
11 14 1
4 8 1
9 13 2
13 15 2
3 7 1
2 6 1
14 17 4
20 22 1
8 10 2
