200 1
1 
2 4 1
8 10 1
14 17 1
18 21 1
21 2 1
7 11 1
8 12 1
12 14 1
21 0 1
21 1 1
8 11 1
16 20 1
20 22 1
12 14 1
11 15 1
8 12 1
4 7 1
20 23 1
19 20 1
0 4 1
6 9 1
19 22 1
0 2 1
14 16 1
15 18 1
6 10 1
7 10 1
4 6 1
19 22 1
23 2 1
7 11 1
13 16 1
9 12 1
20 0 1
14 14 1
1 5 1
12 15 1
6 8 1
19 21 1
1 3 1
21 23 1
3 6 1
9 12 1
7 10 1
10 12 1
19 22 1
16 19 1
18 23 1
13 17 1
18 20 1
5 7 1
22 1 1
10 14 1
21 22 1
3 7 1
4 7 1
16 20 1
12 16 1
2 5 1
20 23 1
16 19 1
7 13 1
4 6 1
11 15 1
23 2 1
1 5 1
11 13 1
22 1 1
19 21 1
6 8 1
1 3 1
13 14 1
11 13 1
4 6 1
12 15 1
17 20 1
13 16 1
13 15 1
18 20 1
4 7 1
16 20 1
11 16 1
20 22 1
17 20 1
0 2 1
4 7 1
11 14 1
21 22 1
21 0 1
8 11 1
22 0 1
1 4 1
6 7 1
6 8 1
15 18 1
21 0 1
13 16 1
8 11 1
9 12 1
2 5 1
13 13 1
0 3 1
13 15 1
19 23 1
16 20 1
13 13 1
2 5 1
5 8 1
20 23 1
3 5 1
14 18 1
2 4 1
11 16 1
8 12 1
12 16 1
20 23 1
5 8 1
5 9 1
11 16 1
7 10 1
9 12 1
19 22 1
10 12 1
7 9 1
4 7 1
1 5 1
18 22 1
18 21 1
1 3 1
9 14 1
20 0 1
22 23 1
19 1 1
13 16 1
22 2 1
11 14 1
4 7 1
2 5 1
22 1 1
13 18 1
12 15 1
16 17 1
15 19 1
3 7 1
18 20 1
3 6 1
16 21 1
15 18 1
4 7 1
4 6 1
5 9 1
23 1 1
18 21 1
11 14 1
23 4 1
23 3 1
22 1 1
12 16 1
2 4 1
19 0 1
5 9 1
22 3 1
20 22 1
15 17 1
19 23 1
6 10 1
3 7 1
8 9 1
9 11 1
2 6 1
0 4 1
15 18 1
14 16 1
2 3 1
15 17 1
14 17 1
9 13 1
20 0 1
5 8 1
20 23 1
7 9 1
20 0 1
17 20 1
5 6 1
2 5 1
3 6 1
0 5 1
5 7 1
3 7 1
5 7 1
4 6 1
3 7 1
20 0 1
8 11 1
16 18 1
22 0 1
8 11 1
15 19 1
1 4 1
3 5 1
