300 8
2 7 3 6 7 1 8 3 
14 18 1
2 6 6
20 21 8
6 12 2
22 1 4
19 22 4
0 4 1
17 19 3
5 8 8
19 21 2
0 2 6
20 23 2
3 8 5
16 20 1
10 13 4
23 23 7
0 2 7
10 14 8
17 20 4
5 6 7
17 21 5
20 21 5
14 16 2
13 16 4
18 21 5
14 16 2
5 7 3
19 23 6
21 0 3
7 10 1
17 22 2
5 8 1
10 13 7
5 8 5
5 10 1
16 19 7
8 10 4
21 23 4
16 19 2
2 4 1
11 14 2
7 9 5
14 18 6
20 22 7
2 5 4
20 22 5
16 18 8
17 21 5
17 21 1
4 6 8
14 18 7
12 15 1
0 4 2
18 20 7
12 16 7
20 22 5
1 4 7
7 9 1
18 22 4
1 4 4
2 5 4
20 22 3
14 17 6
21 1 6
21 0 8
0 2 3
14 16 5
1 3 3
21 0 6
8 10 6
7 11 2
14 18 6
5 7 5
14 17 8
17 20 2
15 19 7
16 18 1
6 10 5
23 2 8
18 20 6
10 14 8
21 1 8
21 23 3
13 15 4
21 0 1
12 17 2
16 18 5
4 5 8
19 21 7
6 8 7
12 14 6
7 9 5
18 20 2
0 3 6
11 15 5
7 12 2
11 16 1
4 9 8
21 22 2
2 5 3
14 17 7
21 0 6
3 5 5
0 2 3
7 10 8
12 14 1
16 21 6
0 2 6
21 23 6
9 12 7
14 16 6
23 1 5
7 10 5
21 1 6
20 21 3
17 21 3
3 6 6
8 12 4
20 22 5
18 20 5
23 2 6
1 4 2
0 3 8
1 3 8
22 2 4
2 3 2
23 1 3
5 9 7
19 23 7
3 7 2
2 5 2
2 5 3
18 19 1
3 4 7
2 5 1
8 10 1
12 15 7
1 3 8
17 20 6
4 6 3
1 4 7
8 11 7
9 12 2
3 5 7
20 0 6
6 9 2
2 6 7
4 8 3
4 6 8
20 0 7
21 1 6
11 15 5
19 21 3
2 5 7
21 2 1
20 1 1
11 15 1
15 16 3
5 8 2
9 12 4
10 14 6
19 20 6
10 14 4
2 5 8
4 7 2
5 8 6
10 14 3
4 6 2
7 11 1
21 0 2
3 6 2
20 23 3
15 18 4
6 9 3
20 0 1
23 2 6
16 21 2
10 13 7
17 18 3
18 20 1
8 13 6
7 11 1
23 23 7
14 17 4
20 23 7
16 20 5
6 9 1
4 7 6
2 4 5
4 7 8
14 20 6
18 20 1
8 13 2
14 16 5
7 8 5
4 7 4
2 6 8
4 6 1
2 6 7
0 4 6
12 15 2
20 23 8
14 16 1
5 8 3
14 16 4
1 3 8
20 0 3
8 11 8
8 11 1
10 12 3
23 1 2
11 15 4
17 22 2
10 12 1
13 17 4
1 5 4
7 10 5
22 2 4
4 7 5
16 19 2
20 22 3
21 0 4
2 5 2
1 2 5
8 11 8
13 15 2
5 8 1
7 8 4
0 2 1
9 13 1
18 21 8
16 18 5
20 23 5
18 22 7
16 19 7
12 14 2
10 13 3
19 22 1
9 13 7
9 13 3
16 19 2
7 11 7
23 2 4
4 8 6
3 5 6
21 23 3
15 18 1
15 18 4
8 11 4
1 4 5
11 15 7
17 21 4
11 15 4
14 17 7
0 6 2
15 17 2
16 19 7
19 21 2
12 15 2
14 17 1
16 18 4
12 14 3
5 8 2
3 5 7
4 7 6
15 18 8
15 17 7
23 2 7
9 15 1
23 4 5
7 13 2
2 5 7
16 17 8
23 1 8
12 15 7
16 19 1
18 22 1
6 9 4
11 13 6
0 3 3
23 3 2
7 11 4
17 21 1
7 9 7
4 7 3
19 21 2
19 22 3
20 23 3
20 23 5
4 7 2
23 1 6
6 9 8
17 20 1
11 13 2
16 18 8
13 17 1
6 7 1
12 14 7
5 9 5
1 5 3
