300 20
8 11 1 16 18 10 14 20 5 12 17 15 12 2 18 13 14 13 13 17 
12 17 15
18 20 2
4 7 19
9 13 15
12 16 15
23 2 9
9 13 5
2 5 15
11 15 18
1 2 5
9 12 1
19 23 8
18 20 1
6 10 3
17 22 1
5 9 1
16 21 5
7 9 10
13 15 15
8 11 14
0 2 11
15 16 16
3 7 5
2 7 15
21 2 9
9 11 14
1 2 13
22 0 18
21 0 10
18 23 12
14 17 15
23 2 8
23 1 2
0 3 6
13 17 16
1 4 5
6 10 16
12 16 2
1 4 13
8 11 7
12 17 3
12 16 1
9 12 12
4 6 5
10 13 12
22 0 20
13 17 20
1 2 1
0 4 9
10 11 15
0 4 5
21 23 12
6 8 1
3 5 3
10 14 14
10 12 20
1 5 1
5 9 18
9 12 3
8 9 1
19 22 13
3 7 1
16 21 3
18 22 7
22 0 6
4 8 1
6 9 13
12 15 17
11 13 17
21 1 20
20 23 19
13 17 16
6 10 8
3 6 1
23 3 3
22 3 14
19 23 1
1 2 1
23 1 2
20 23 2
21 0 17
17 22 15
14 17 20
23 1 8
16 21 8
21 2 15
6 8 9
18 20 11
6 9 5
11 15 4
6 8 20
5 5 11
1 4 6
18 21 8
9 13 4
5 7 5
6 9 14
23 2 7
17 20 18
11 14 14
16 19 5
14 18 2
11 14 2
7 9 9
14 17 8
12 14 2
3 7 13
5 7 9
19 23 14
21 0 15
5 7 5
10 13 3
16 18 15
12 14 18
8 12 9
12 15 2
23 2 10
21 1 7
4 8 4
11 15 4
21 1 5
5 7 15
17 20 3
20 1 10
13 15 14
10 12 12
23 1 6
1 4 15
18 22 15
3 7 4
7 10 11
17 19 3
2 4 13
3 7 18
20 1 15
19 23 12
21 1 17
8 12 14
13 16 3
18 23 11
5 9 4
11 15 9
23 1 12
14 17 20
15 19 5
5 8 14
3 5 15
16 19 16
23 4 3
12 16 13
21 2 3
5 7 20
10 12 16
14 17 6
21 0 20
23 1 6
3 6 5
3 5 8
2 3 17
9 10 8
19 21 20
20 0 6
8 12 18
16 20 11
1 3 9
7 11 2
11 14 1
7 12 8
8 10 17
0 2 2
4 7 13
17 21 2
13 17 14
22 1 20
14 17 5
9 12 13
15 18 7
8 11 16
15 18 16
3 6 11
22 2 9
15 16 3
8 10 10
0 1 20
23 1 17
8 10 15
4 7 16
18 20 20
5 8 5
12 16 12
0 3 13
23 1 13
9 14 7
16 19 8
19 22 2
23 2 13
6 8 5
0 3 3
20 22 6
17 21 13
8 10 12
19 20 8
23 2 12
11 15 20
12 16 15
16 19 6
17 20 18
7 11 20
3 7 4
19 20 9
16 19 9
20 23 1
17 19 1
12 13 8
8 11 5
20 0 20
7 10 7
9 11 4
14 15 12
6 11 4
23 1 3
19 22 2
10 14 8
8 11 12
2 4 4
7 10 9
17 20 6
10 14 11
21 0 9
3 9 13
4 9 4
18 20 17
1 3 9
7 10 12
17 20 19
18 21 4
0 3 5
23 2 1
0 3 18
21 1 16
9 12 17
20 23 7
5 10 14
12 16 4
17 20 18
15 19 15
22 1 18
4 8 20
7 9 18
14 16 20
18 20 6
18 0 12
1 4 8
17 21 18
23 1 3
1 2 3
7 12 2
5 9 14
5 9 12
15 18 14
0 2 7
13 15 17
12 15 10
13 16 17
16 20 6
17 20 13
18 20 10
1 3 4
8 11 18
12 17 11
7 9 20
0 2 12
1 6 15
19 21 20
19 22 5
9 11 3
20 23 11
21 0 13
15 19 20
22 1 3
11 13 17
19 23 11
12 15 18
19 22 8
13 16 14
18 21 1
13 16 15
8 11 3
21 23 11
10 13 10
3 7 9
23 3 2
22 0 4
5 10 17
21 3 11
14 16 7
10 13 18
2 6 1
8 10 12
0 3 13
