500 4
1 1 2 2 
13 16 4
15 17 3
1 4 4
19 23 3
10 14 1
0 1 4
7 10 4
15 17 1
12 16 3
4 7 1
20 23 3
8 11 1
16 17 4
17 21 4
5 8 4
15 17 1
1 5 4
20 23 3
7 10 2
8 10 1
11 13 4
12 15 4
22 22 3
16 18 3
1 3 2
13 16 2
21 1 2
21 23 1
23 3 1
7 9 1
18 21 2
19 22 3
4 6 2
22 2 2
5 8 4
1 5 2
21 21 4
8 12 2
17 19 4
8 11 2
8 12 2
16 20 3
23 1 3
9 12 1
7 10 3
3 7 2
4 8 3
16 19 1
2 4 1
10 14 4
8 10 1
2 5 1
18 21 3
3 8 4
2 6 2
19 23 1
3 4 2
7 10 3
14 18 2
9 11 4
5 8 3
12 14 3
14 17 2
3 6 2
2 5 3
14 16 1
8 10 4
5 8 3
13 17 2
17 19 1
11 15 1
4 7 2
7 10 2
18 19 4
12 14 2
18 21 3
16 19 4
12 17 4
21 0 4
11 12 4
0 4 2
0 4 2
22 1 2
7 10 1
11 14 4
22 1 2
6 10 1
8 11 3
16 19 2
15 18 4
13 17 4
22 0 3
17 20 1
22 0 4
15 18 2
13 14 4
7 8 1
19 21 1
14 16 3
5 7 2
21 23 2
9 12 3
17 22 3
21 0 4
3 7 4
23 3 3
0 2 2
3 5 3
22 3 1
11 17 4
20 0 2
0 2 4
0 3 4
22 2 1
18 22 4
17 21 1
13 15 2
13 17 2
15 18 3
12 15 1
1 3 1
12 14 4
9 12 2
12 15 4
4 8 4
2 5 2
16 19 2
4 6 3
14 16 3
15 18 3
21 0 3
17 20 1
12 15 1
9 10 2
20 0 4
6 9 1
12 16 2
0 3 3
3 5 4
11 9 2
21 1 2
1 3 2
0 3 3
22 23 4
3 5 2
17 20 4
8 11 3
13 15 3
12 16 2
17 19 4
14 14 1
19 22 1
9 13 2
2 6 4
14 16 3
23 1 3
20 22 4
10 13 4
9 10 3
17 20 2
11 14 4
21 1 3
18 21 4
21 1 3
15 17 1
2 5 3
0 3 4
20 21 3
10 12 2
1 4 1
7 10 4
10 12 2
12 15 1
14 17 3
0 4 3
3 5 1
8 11 2
9 13 1
19 23 1
2 5 3
23 2 1
2 6 1
6 9 3
19 22 2
15 20 2
7 9 3
0 2 2
3 5 2
3 7 3
4 7 1
17 21 1
1 6 2
10 13 2
0 3 2
7 9 2
0 3 2
4 6 2
9 12 1
12 16 2
6 9 2
6 8 2
1 5 4
1 4 4
22 1 4
19 23 4
7 11 2
6 9 3
18 22 4
10 12 2
13 16 2
19 0 4
13 15 3
17 22 1
22 3 3
8 11 3
5 6 3
8 12 4
11 14 4
22 1 2
1 5 1
23 1 4
13 14 3
10 13 3
0 3 1
23 3 2
19 23 4
22 23 1
12 16 1
10 12 2
12 17 1
14 17 1
23 2 2
21 1 3
22 0 2
15 18 2
6 10 1
22 1 4
1 5 3
4 7 3
11 14 2
11 13 4
8 11 4
1 2 3
12 13 4
12 17 1
17 20 3
4 8 2
9 12 2
15 18 1
5 9 1
20 0 2
22 1 3
19 23 2
11 15 4
9 12 4
13 16 2
16 19 3
12 13 4
14 16 1
18 21 4
8 11 1
4 6 4
11 13 2
12 16 1
16 19 4
17 20 3
22 0 4
15 18 3
8 11 4
10 13 1
21 0 4
5 8 2
3 8 4
3 6 1
13 15 4
3 6 2
1 4 3
12 14 2
0 2 1
10 13 2
16 20 3
3 7 3
0 5 4
2 4 3
23 3 3
23 4 1
3 7 3
17 20 1
22 23 3
1 5 3
17 19 3
4 7 1
8 11 3
15 18 3
21 0 2
23 4 2
14 15 3
19 21 4
5 7 1
13 17 4
13 16 4
17 20 1
17 20 1
7 9 1
11 11 1
15 19 4
1 5 2
12 14 2
16 18 1
7 10 2
16 20 4
0 2 1
13 17 3
2 4 1
0 4 2
21 0 1
5 6 1
14 16 3
10 12 2
10 13 4
1 3 3
4 6 2
0 3 2
19 22 3
1 4 4
9 13 1
20 23 3
4 6 2
21 0 3
10 13 4
16 17 3
18 20 4
14 14 3
15 19 3
0 1 3
11 13 4
2 5 3
14 17 1
2 5 2
12 13 2
5 9 2
8 10 4
11 12 2
21 0 3
14 16 3
11 14 1
19 21 1
14 18 1
21 1 2
3 6 4
19 22 3
17 21 4
12 14 1
20 0 2
3 6 4
6 7 2
17 20 4
2 5 1
17 19 1
18 19 1
7 10 1
20 0 2
1 4 2
18 22 4
19 23 2
6 9 2
15 18 3
22 0 4
0 3 2
2 4 3
11 14 2
11 14 4
13 17 2
12 15 4
0 4 4
13 15 2
3 9 4
8 12 3
12 14 3
4 6 2
6 8 2
12 13 2
23 1 1
5 7 1
1 5 3
16 20 3
11 14 4
11 14 4
23 3 1
3 5 1
6 9 3
1 5 3
20 23 3
15 19 2
12 15 4
21 23 3
22 0 4
21 0 3
8 12 2
2 6 3
14 17 2
9 13 2
8 11 2
9 12 3
11 15 2
18 21 4
23 3 4
10 13 2
10 12 1
14 16 3
23 2 4
13 16 1
10 13 1
3 7 4
13 16 1
14 18 4
20 23 1
3 5 3
1 5 3
9 12 2
23 2 1
13 16 2
9 12 4
14 17 1
22 1 1
9 12 2
20 22 1
18 20 1
23 3 3
20 23 4
6 9 4
16 18 2
6 9 2
2 3 2
11 14 3
16 20 2
4 7 4
13 15 3
15 18 1
4 8 1
7 9 1
10 14 3
10 10 2
15 19 2
21 22 4
8 12 4
12 15 4
17 20 4
19 23 1
22 0 2
4 8 4
13 17 1
18 22 4
10 13 3
16 17 3
8 10 1
13 16 1
11 13 3
16 19 2
17 20 4
21 0 2
11 15 1
6 7 3
10 14 2
11 14 3
2 4 4
10 14 3
13 16 1
9 11 4
10 13 1
12 14 1
2 4 1
4 7 2
3 5 1
15 18 4
23 1 2
2 3 4
0 3 3
21 23 4
21 1 3
23 1 4
13 17 1
2 5 1
11 13 2
19 22 3
9 12 1
6 8 4
23 1 4
7 11 2
15 18 3
23 0 2
22 2 1
7 9 3
18 21 2
2 6 1
2 6 2
16 18 2
23 3 2
23 1 2
2 3 2
