300 6
4 5 1 4 1 6 
10 14 4
12 16 5
4 6 2
1 3 4
20 23 5
22 1 2
4 7 1
5 9 2
4 6 2
8 10 2
14 16 4
11 12 6
9 12 4
17 19 1
13 17 4
3 5 5
4 8 6
11 15 5
7 11 2
0 1 2
2 4 6
14 16 2
6 9 2
20 21 2
11 14 2
19 23 6
13 15 2
22 3 4
5 9 1
19 20 5
19 23 4
2 4 3
22 2 5
11 12 6
1 3 5
1 5 1
2 4 4
18 21 1
19 22 5
9 12 4
19 23 3
17 20 2
19 23 5
16 19 4
13 16 4
9 12 3
8 11 1
12 16 1
17 20 1
17 21 2
6 8 3
2 5 5
17 21 2
4 6 3
16 19 5
21 23 4
6 8 2
19 21 5
2 5 4
12 16 6
11 13 2
21 0 3
16 18 1
17 20 4
4 8 2
3 6 2
14 18 5
18 20 4
19 0 5
17 19 2
6 10 6
2 5 6
18 21 5
3 6 4
19 22 4
0 5 3
20 23 4
15 18 6
15 16 2
10 15 6
15 18 1
6 10 3
17 22 3
4 9 3
10 14 4
17 19 1
1 5 5
9 12 5
23 2 1
12 14 2
1 5 3
15 17 4
20 23 6
6 9 5
18 22 5
17 19 1
18 22 3
7 9 4
20 1 2
20 23 6
7 11 2
8 12 4
11 14 6
5 9 3
21 23 5
0 4 3
22 2 6
1 6 5
12 13 5
21 1 4
19 22 3
19 23 1
5 8 4
16 18 5
21 1 5
14 17 6
4 9 1
12 16 2
20 1 4
14 17 3
15 18 6
8 11 6
1 4 6
4 8 2
7 8 3
8 12 1
5 7 5
11 14 1
12 14 6
3 5 5
13 15 4
13 16 3
5 9 1
6 10 4
2 5 1
18 21 5
0 3 3
1 5 3
17 21 3
17 20 2
17 21 3
8 9 6
13 16 1
0 4 1
17 19 3
22 0 5
7 10 3
12 15 3
15 18 3
5 8 6
18 20 3
13 14 1
11 13 1
23 3 3
21 0 6
12 16 5
3 6 3
23 2 6
5 8 3
9 12 2
5 10 4
5 10 3
17 20 4
10 13 3
3 6 6
15 19 5
1 2 5
9 11 1
3 7 5
10 13 1
8 10 5
15 17 4
16 18 1
17 19 4
4 7 6
7 10 2
12 14 6
4 9 3
22 0 5
3 6 3
11 14 5
9 12 1
16 19 4
8 11 2
13 16 2
11 14 6
6 8 3
11 14 5
5 8 2
7 11 5
12 15 2
11 15 5
16 19 5
10 13 1
10 13 5
4 7 4
17 21 2
7 10 2
0 3 2
16 20 2
11 15 5
8 13 2
5 7 1
19 22 1
14 16 5
11 13 2
9 11 3
15 18 5
12 14 6
19 0 2
12 16 3
3 8 4
21 1 5
12 14 3
14 17 5
19 22 2
7 11 3
23 2 6
15 18 6
3 7 2
1 4 4
8 10 5
2 5 2
16 20 4
15 16 4
22 1 3
6 10 5
17 20 5
12 15 6
10 13 3
18 21 2
21 0 3
12 15 5
3 4 3
12 15 5
1 5 6
16 17 4
17 20 1
8 11 5
7 10 1
6 9 4
12 15 2
6 9 6
17 19 4
15 17 1
19 21 6
9 13 6
21 22 4
0 4 6
9 11 4
6 11 5
9 13 4
23 2 4
12 16 2
1 3 4
14 18 2
10 12 3
7 10 6
2 6 1
11 14 2
15 19 4
6 9 6
16 18 1
20 22 1
13 17 4
7 9 4
3 7 1
7 10 2
17 20 6
8 11 3
11 15 5
10 13 5
20 23 3
23 2 2
1 3 2
1 6 5
14 18 3
17 20 2
5 7 1
10 13 5
2 6 1
13 17 1
13 15 5
23 3 4
14 18 5
4 8 2
4 8 1
1 4 6
14 18 4
22 1 6
15 17 5
7 12 4
10 14 6
19 22 2
15 20 6
9 11 1
15 16 3
16 18 6
17 20 6
17 19 6
