100 10
9 10 9 9 3 10 4 9 4 9 
12 12 10
10 12 2
13 15 4
7 12 10
17 21 10
2 4 3
8 11 2
10 11 2
15 18 5
13 15 9
2 6 9
19 22 2
1 3 6
3 8 10
23 0 9
7 9 4
6 10 9
4 7 7
19 23 4
8 10 10
14 17 3
6 9 8
19 21 8
13 15 8
19 23 10
18 21 1
23 3 2
7 10 8
10 14 1
7 10 4
19 22 7
10 12 4
17 19 8
8 11 5
23 1 2
18 20 7
6 9 3
5 7 9
5 7 5
2 2 10
8 12 3
22 0 6
7 9 9
21 0 8
1 4 4
5 10 4
17 20 2
21 23 6
16 19 6
10 12 9
12 15 2
3 5 3
1 3 3
3 8 2
5 7 6
9 13 3
11 14 6
19 21 2
0 3 4
2 4 7
22 2 9
11 14 5
9 12 6
18 22 8
5 9 3
23 3 6
23 1 7
20 23 7
17 21 8
10 14 5
12 15 1
4 7 8
22 1 9
19 22 1
10 12 3
0 2 2
14 16 7
19 22 3
22 1 10
1 4 10
9 12 9
6 8 8
2 4 6
16 21 1
16 19 8
3 3 2
4 8 8
3 7 2
19 23 2
14 16 10
12 16 6
9 11 5
20 0 8
13 15 3
19 21 5
22 0 3
20 23 5
4 8 4
18 23 8
22 2 5
