50 50
20 16 7 5 39 43 46 4 20 44 7 25 20 18 18 4 7 33 31 13 48 28 24 3 18 26 18 41 37 15 41 3 21 15 20 19 15 14 22 40 36 25 8 11 33 41 1 5 3 22 
11 14 6
7 8 44
15 18 36
4 7 2
16 19 5
9 10 46
22 1 2
22 1 38
14 17 27
14 18 29
12 15 49
19 21 7
6 9 42
17 21 29
9 12 1
13 16 1
9 12 22
5 9 31
17 21 33
1 2 22
23 3 19
19 23 47
19 23 3
16 20 34
1 2 3
4 7 36
1 4 5
12 17 19
14 17 42
14 17 16
21 22 27
8 10 2
3 6 33
0 2 23
19 20 37
7 10 49
1 3 25
1 6 18
18 22 48
12 15 3
2 5 11
22 0 47
16 19 31
4 7 35
14 17 18
2 3 17
22 1 19
22 2 44
12 17 36
12 14 20
