1000 4
1 3 1 2 
15 18 4
3 5 4
0 3 1
8 13 2
2 6 4
20 1 1
15 19 1
7 10 4
14 17 2
3 6 3
5 7 4
22 1 1
13 16 1
6 12 3
16 21 4
9 13 3
1 3 3
14 16 2
9 11 3
13 15 4
10 10 1
15 17 4
16 20 1
11 13 2
2 5 1
5 9 3
9 13 4
9 12 3
23 4 3
20 22 4
16 17 2
22 1 4
14 16 1
10 13 3
2 6 3
6 10 1
15 18 4
10 12 3
0 3 2
23 1 2
22 1 4
22 2 4
8 11 4
15 17 4
16 19 1
2 6 4
21 0 4
21 0 1
4 6 1
22 1 4
19 23 2
23 3 2
20 23 4
10 13 4
18 21 3
11 16 1
17 20 4
18 21 3
12 16 1
9 14 4
13 16 3
5 9 1
20 0 1
17 21 4
18 21 4
22 0 2
12 14 4
1 4 1
19 21 2
11 13 4
4 7 3
10 12 1
13 18 3
22 23 1
11 14 3
23 2 1
6 10 3
14 18 4
8 11 2
16 20 3
20 23 4
10 13 4
22 0 3
11 14 2
23 4 1
19 22 1
8 12 1
18 18 3
2 4 4
22 0 1
11 13 2
8 13 4
5 7 2
6 10 4
6 8 4
0 2 2
18 22 1
11 14 4
11 16 3
5 8 3
22 1 3
14 14 1
5 8 3
5 8 1
0 2 3
21 0 4
17 20 4
10 11 4
13 14 3
1 6 3
15 20 2
3 6 1
22 1 2
18 22 3
9 12 3
8 11 2
22 2 1
15 19 2
22 1 4
9 11 2
12 16 3
23 2 3
6 10 1
21 23 4
4 7 2
15 20 2
14 17 4
16 19 4
15 16 4
6 9 4
21 0 4
9 12 4
2 4 3
19 21 3
0 4 4
17 21 1
21 23 4
8 12 4
12 17 1
0 3 4
7 10 1
6 9 4
21 0 4
15 17 2
22 2 2
18 22 1
2 6 3
13 15 4
10 13 3
22 2 4
0 4 4
18 22 1
3 5 1
21 23 2
14 16 2
14 18 4
9 13 1
23 2 3
22 2 3
0 2 3
7 9 3
17 22 3
15 20 4
10 12 2
6 11 1
1 6 1
12 15 4
14 18 4
5 8 3
20 23 1
20 21 1
19 20 1
6 9 3
9 11 1
10 14 3
15 20 4
18 23 4
19 22 1
18 22 4
9 12 2
5 8 3
0 3 1
11 14 3
4 6 2
2 3 3
17 19 1
6 9 2
10 15 4
15 15 4
14 19 3
18 20 3
19 22 4
7 10 1
12 13 4
17 20 2
18 21 4
15 17 4
19 23 4
9 13 2
22 0 3
4 8 2
9 12 1
20 0 3
20 23 4
11 13 3
22 2 1
4 6 3
8 12 1
4 5 2
4 7 4
14 16 4
18 21 4
21 2 1
19 22 4
14 18 3
18 22 4
13 16 1
20 23 2
14 18 2
13 16 2
12 15 4
4 6 4
0 2 4
9 13 1
9 12 1
11 13 1
17 22 4
11 14 1
2 6 3
14 18 4
14 17 1
20 23 4
13 16 3
4 6 1
19 22 4
18 21 1
21 1 4
9 10 2
3 7 4
6 9 3
21 1 3
12 15 4
4 5 1
5 6 3
6 9 2
2 6 3
6 9 1
1 5 2
1 5 4
22 1 1
10 12 3
2 4 1
14 17 3
19 23 4
16 21 2
9 11 2
21 23 3
23 3 4
4 6 4
13 16 2
16 20 3
2 5 3
17 21 1
15 18 3
15 17 2
23 5 4
5 8 1
15 17 2
4 8 3
1 4 1
15 20 3
16 17 2
11 14 3
7 11 1
2 7 4
19 0 3
22 3 3
2 6 2
23 2 1
10 11 4
16 19 2
11 15 2
1 4 4
2 4 2
16 19 3
17 20 2
6 9 2
17 20 3
17 22 4
23 3 1
5 8 3
21 0 3
19 21 1
9 12 4
22 0 3
18 21 2
4 8 1
18 22 4
4 8 4
20 0 3
23 2 2
12 15 1
21 0 3
22 2 2
8 13 2
20 0 4
10 14 1
7 9 3
17 20 2
12 15 1
12 14 3
12 14 1
0 3 2
9 12 4
21 2 2
18 21 2
15 19 3
12 14 2
14 17 3
13 17 1
20 23 1
18 21 2
21 23 4
23 1 1
3 5 1
7 10 2
7 10 1
2 4 4
3 6 3
16 19 2
3 5 2
19 20 1
6 11 4
11 14 2
17 20 4
9 12 4
17 20 3
2 5 3
1 5 1
2 6 1
20 23 1
16 19 3
23 4 2
15 18 2
23 3 2
11 15 4
8 11 2
13 16 2
11 14 3
16 19 4
2 3 4
0 4 4
23 1 1
1 5 2
23 2 3
14 16 3
11 14 3
19 22 4
3 6 2
15 17 2
14 19 2
7 11 3
3 6 4
23 1 3
11 14 4
16 17 1
23 1 3
3 6 4
16 18 2
9 13 3
12 15 1
21 0 2
14 17 1
11 15 2
5 6 1
1 5 4
20 22 3
2 5 3
7 10 4
13 17 1
22 1 2
4 6 2
3 8 2
8 9 1
7 12 2
1 3 3
9 11 3
22 1 1
20 22 4
23 3 3
22 1 4
15 20 2
15 18 2
17 21 3
6 9 2
9 12 2
11 14 3
20 22 3
8 12 3
16 20 2
2 4 3
15 18 1
8 13 4
21 1 1
21 23 2
3 7 1
5 9 2
23 2 3
20 22 4
20 23 3
19 22 3
8 12 1
22 0 1
23 2 4
21 1 2
9 11 3
4 7 2
23 1 2
5 9 1
13 17 3
9 12 2
10 13 3
17 19 2
16 20 2
4 6 2
9 12 4
9 11 3
22 0 2
19 21 3
23 2 4
20 22 4
20 23 4
7 9 2
16 18 1
4 8 4
6 10 4
16 20 4
7 9 1
2 7 3
14 18 2
15 18 3
2 5 2
0 3 3
13 17 1
21 23 1
22 0 3
14 17 2
13 16 2
21 1 1
3 5 1
20 23 1
17 20 4
15 16 4
11 14 4
8 12 3
8 10 1
12 15 4
7 9 2
1 4 1
17 21 3
14 19 1
21 1 4
5 6 1
16 20 4
17 19 3
20 22 1
10 12 1
4 7 3
20 23 3
18 21 2
7 9 1
1 4 4
7 10 3
9 12 3
4 6 4
6 9 2
22 3 1
9 13 2
21 1 2
23 1 1
1 4 1
15 17 2
2 4 4
0 3 4
9 15 3
12 15 2
20 0 1
11 14 1
11 15 1
18 21 3
2 4 2
5 9 3
10 13 4
12 16 4
13 16 2
5 7 3
14 16 4
21 23 2
23 1 3
18 22 2
23 2 3
16 18 4
5 9 2
21 0 1
16 19 4
23 4 4
18 20 3
1 4 1
21 22 2
10 14 2
15 18 4
22 1 4
23 1 1
16 19 2
11 14 2
0 3 1
22 1 4
8 10 4
13 16 3
9 11 4
17 20 1
15 18 2
1 4 1
7 10 1
14 17 1
15 17 2
2 4 4
11 14 4
11 16 4
9 13 2
9 14 2
6 9 3
9 12 3
6 9 3
7 9 1
21 0 1
15 18 4
9 10 2
5 7 4
8 10 4
8 11 2
21 22 2
22 2 1
17 19 4
13 16 1
20 22 2
19 21 2
2 6 3
8 12 1
14 17 3
0 1 2
13 14 4
10 14 1
3 7 1
15 18 2
5 8 2
19 21 4
16 18 2
1 3 2
19 20 1
2 4 4
23 2 1
23 1 4
4 6 1
18 21 1
23 3 2
20 0 2
2 4 3
17 21 2
20 21 2
20 0 4
1 3 4
1 5 1
15 18 4
1 3 2
8 10 2
18 19 1
13 14 3
19 1 4
1 3 1
23 1 4
2 5 3
9 13 3
9 14 3
4 7 3
2 5 1
7 10 3
4 7 1
6 8 4
20 23 4
13 15 2
4 4 3
22 3 2
0 4 4
4 7 2
7 9 3
3 6 4
1 4 1
9 12 2
2 5 3
3 6 3
20 0 3
5 9 3
21 0 3
10 13 1
10 13 2
22 0 4
20 22 2
8 10 4
6 9 1
3 7 3
16 20 3
22 2 1
11 14 4
18 22 2
19 22 3
16 19 2
15 17 2
15 19 2
8 10 1
1 4 2
7 11 2
21 23 4
3 5 4
1 2 1
23 2 3
17 19 2
13 16 1
10 13 4
17 21 2
22 2 1
3 7 1
11 13 3
21 22 3
17 20 3
4 7 3
7 9 4
7 10 3
18 22 3
11 13 1
10 14 4
12 15 4
21 23 4
6 10 2
20 0 4
10 13 4
21 0 1
1 4 2
17 18 1
4 6 4
12 16 4
9 14 3
5 7 3
12 14 1
2 6 4
22 3 3
7 11 4
22 0 3
6 9 1
2 4 1
17 19 1
4 8 3
17 19 4
10 13 3
8 11 2
8 10 4
1 5 3
3 5 4
19 22 2
8 10 2
11 14 2
0 2 2
5 9 2
20 22 4
1 6 3
2 6 4
4 7 4
8 11 4
18 20 1
8 11 1
18 0 2
14 17 2
16 20 1
21 0 4
11 14 4
2 5 4
14 17 3
3 6 4
19 21 2
3 6 4
23 3 2
0 2 3
8 10 1
15 17 4
6 8 3
20 22 4
14 18 4
13 15 2
16 18 4
1 4 1
5 9 3
4 7 2
11 13 2
3 7 2
12 16 1
9 13 2
14 16 3
10 13 2
7 10 4
10 13 3
11 13 3
22 2 3
2 3 3
8 12 2
0 2 1
9 11 1
5 8 2
13 16 2
12 14 3
2 4 4
7 7 1
5 9 3
7 11 1
6 8 4
18 20 3
7 10 1
23 0 3
6 9 3
15 18 1
18 23 1
21 23 1
2 6 4
10 14 3
18 20 1
1 5 2
2 5 1
9 13 2
16 18 3
8 12 3
3 6 2
16 19 1
8 11 3
18 21 2
5 7 2
11 14 4
0 4 4
15 17 3
8 13 1
18 21 4
3 6 3
4 7 4
6 9 3
7 9 2
7 11 4
19 23 1
7 11 4
12 16 1
0 4 2
7 10 2
2 6 3
6 10 3
15 18 1
19 22 4
9 12 4
11 15 2
21 0 1
6 10 2
15 19 2
12 14 1
15 17 3
17 19 1
0 3 1
8 10 1
9 11 2
13 16 4
6 8 4
13 17 3
18 22 4
1 5 2
7 10 1
6 9 3
20 0 4
8 10 2
17 19 1
4 8 1
4 7 3
13 16 2
4 8 2
19 21 4
23 3 1
11 13 2
23 3 2
5 6 1
13 16 2
7 9 1
8 11 2
18 20 4
21 1 3
7 10 3
22 2 2
10 13 4
9 13 4
10 13 2
17 19 3
1 4 2
9 11 4
9 13 4
0 2 3
3 5 2
5 9 4
1 5 3
11 13 1
23 1 3
1 4 2
15 18 1
16 21 3
19 22 1
18 21 3
23 2 4
20 21 2
0 3 4
1 3 2
5 6 2
17 21 4
7 11 3
22 0 1
5 9 3
21 2 4
10 13 4
19 22 1
18 22 2
1 4 3
18 21 1
11 14 1
17 21 4
15 20 3
10 13 1
13 16 4
14 17 1
12 15 3
11 13 3
22 2 1
13 16 3
15 17 3
1 3 1
20 0 3
22 2 4
3 7 2
18 20 1
22 0 1
13 15 3
18 21 4
23 2 2
3 5 4
13 18 3
8 12 4
19 21 3
9 11 2
5 5 3
22 1 2
0 2 4
17 20 4
20 23 4
15 17 1
7 11 1
8 13 4
0 3 4
5 8 4
21 1 3
5 8 4
23 2 2
13 19 4
11 16 3
1 4 2
19 23 3
19 23 1
8 13 3
19 20 2
16 19 1
21 22 4
17 21 1
10 13 2
9 14 4
8 12 3
6 9 3
10 14 4
17 18 1
21 0 2
19 21 2
7 10 1
23 1 3
2 4 3
10 14 2
18 21 1
1 5 2
20 22 3
20 23 1
13 15 3
17 21 4
6 9 2
19 20 3
23 2 3
9 10 1
10 12 1
2 5 2
19 22 4
6 9 4
20 23 1
7 11 1
13 16 4
16 20 1
13 16 3
1 3 3
9 13 1
16 18 3
14 17 4
10 14 1
3 3 3
2 6 2
15 18 1
5 6 4
17 21 3
15 19 2
6 9 4
9 13 3
22 1 3
5 6 2
15 18 2
22 2 1
23 2 4
10 13 3
2 4 3
8 9 4
22 0 3
18 21 3
20 22 1
19 22 2
1 4 4
20 23 2
1 5 2
12 17 4
3 7 4
17 21 3
6 7 1
2 6 3
21 23 1
16 17 2
19 21 4
13 15 2
10 14 3
17 22 3
21 0 1
4 7 4
5 7 2
6 10 1
22 1 1
22 1 1
7 10 4
10 12 2
1 4 2
4 9 1
23 3 2
20 22 2
19 22 1
5 6 1
0 3 1
11 14 2
23 2 3
3 6 3
22 0 1
21 0 1
14 19 1
15 19 1
23 1 1
9 13 3
5 8 1
11 14 3
20 23 3
3 6 4
11 13 2
1 4 4
17 19 2
20 0 1
22 3 3
13 15 2
14 18 1
22 0 1
19 23 4
19 22 2
15 19 1
21 2 3
20 0 4
8 11 4
18 19 4
10 12 4
19 23 2
10 12 3
7 11 4
12 14 1
3 4 4
