100 50
34 31 40 29 41 45 12 23 29 36 29 29 33 1 25 36 46 34 44 1 23 35 19 9 27 7 9 21 35 41 17 48 36 46 15 35 33 19 18 2 10 47 36 46 8 26 42 41 10 1 
13 17 24
18 21 15
16 20 48
22 1 1
2 5 2
7 9 31
1 3 43
0 3 26
20 23 44
13 14 4
4 7 5
15 19 2
9 14 21
15 17 10
6 8 28
13 15 20
1 3 20
2 3 27
7 12 42
20 23 17
2 7 32
15 19 28
20 22 31
3 4 10
18 20 42
12 15 33
12 14 47
5 6 38
7 9 34
0 3 14
5 8 13
4 7 16
12 16 4
23 2 29
20 21 33
4 7 25
21 0 29
22 1 9
4 7 4
6 9 32
20 22 38
2 4 34
0 2 29
19 21 11
7 8 20
10 12 21
19 22 4
5 8 16
0 4 7
7 9 4
8 11 41
3 6 25
3 5 26
13 17 27
5 8 8
11 14 3
9 12 35
22 0 4
14 15 3
16 20 14
8 12 7
9 13 34
23 1 2
6 9 18
19 23 28
19 0 27
4 5 13
20 22 7
10 14 35
23 4 19
7 10 14
1 4 5
16 19 27
16 20 12
8 12 21
21 1 48
16 20 3
0 4 16
3 6 23
0 3 47
22 2 30
10 11 42
9 15 2
0 4 29
10 14 19
1 4 13
16 18 49
15 17 18
15 17 4
20 23 33
4 8 27
8 11 17
12 14 24
8 11 50
12 15 35
8 10 33
23 3 38
9 12 15
7 9 25
5 9 28
