300 50
6 46 39 27 14 49 18 9 43 43 43 33 25 19 32 15 14 3 34 50 5 41 33 50 33 23 47 17 24 8 29 8 7 28 49 35 37 34 45 4 4 45 3 41 22 8 23 8 18 6 
6 8 27
17 22 26
20 23 39
20 23 36
13 18 26
12 14 33
12 15 24
14 17 44
19 23 50
10 13 37
3 6 41
12 16 1
9 12 25
16 17 37
16 18 21
13 16 29
20 22 2
11 13 33
1 3 15
22 4 13
0 4 19
8 14 32
2 4 10
10 15 8
3 7 48
20 21 30
1 2 25
11 15 34
5 9 2
9 14 10
1 4 8
22 2 14
20 23 28
12 14 34
12 15 12
5 7 30
13 14 8
1 3 47
8 10 12
2 6 46
18 22 17
17 19 12
19 23 41
11 14 24
21 23 39
21 0 33
6 8 26
2 6 38
0 3 18
23 2 46
23 2 42
5 9 6
16 19 46
17 18 37
4 7 25
5 7 4
16 17 10
19 23 27
4 7 10
1 4 22
12 16 3
16 20 20
8 11 42
17 21 44
0 2 32
6 8 3
8 10 16
4 7 44
6 10 13
0 3 19
5 8 3
8 12 5
0 4 5
20 23 20
22 23 18
8 12 36
21 1 45
0 1 10
14 18 39
23 3 9
19 23 27
13 17 11
19 0 3
7 9 14
8 11 36
13 17 14
9 12 34
1 4 17
16 18 35
5 8 3
10 13 39
13 16 50
1 3 5
7 10 19
18 22 13
14 18 35
23 1 41
0 2 17
8 11 21
0 4 45
2 5 14
22 1 33
1 4 6
9 12 6
3 6 47
17 20 3
21 22 17
2 4 32
22 0 10
21 0 25
4 6 27
2 5 41
19 22 50
12 16 49
17 21 45
0 3 29
14 16 48
10 14 44
5 7 15
12 16 37
6 7 3
4 6 29
17 21 35
12 15 18
14 16 44
18 21 18
21 1 33
1 4 49
6 9 15
23 3 48
4 7 4
16 19 32
5 10 8
12 13 50
20 0 29
3 6 24
0 3 29
11 14 23
3 6 45
20 0 36
18 20 23
20 23 23
17 21 40
8 10 34
0 4 43
18 18 8
1 5 21
14 18 16
16 19 37
1 4 47
10 14 37
23 1 43
7 11 20
14 17 50
12 15 48
11 14 25
22 1 9
21 1 44
14 17 10
2 6 8
16 18 44
18 20 5
13 16 5
5 10 47
14 17 16
12 14 22
16 17 34
14 16 1
4 7 15
1 2 23
19 21 16
0 4 25
16 18 33
12 14 32
4 7 33
2 5 18
15 18 9
5 7 47
12 13 26
8 12 37
7 10 9
3 8 11
18 19 30
4 7 49
13 18 30
4 6 49
17 20 11
3 5 44
22 1 7
22 0 10
13 16 50
9 12 9
19 23 50
7 10 15
20 22 24
0 1 37
18 23 11
13 16 37
8 11 42
12 15 48
20 22 20
5 7 39
19 23 6
14 18 48
9 12 13
3 5 34
5 7 28
15 17 31
21 23 11
6 9 10
7 11 39
7 10 23
12 16 43
13 17 34
2 3 37
3 5 30
14 16 43
17 21 1
13 16 13
13 15 33
6 9 5
12 14 34
6 10 17
14 16 34
4 7 1
8 13 19
22 0 39
3 5 32
23 3 23
23 1 15
1 4 31
18 21 28
12 16 8
2 5 38
14 15 32
12 15 19
1 4 14
20 23 48
0 4 42
19 23 4
18 21 12
17 20 12
18 21 40
3 6 33
1 5 4
14 15 11
18 22 18
2 7 22
16 19 18
18 21 39
0 2 49
15 18 27
16 18 12
8 11 27
0 1 16
14 16 29
4 7 17
18 19 29
18 20 11
8 11 5
19 22 6
12 15 12
3 7 42
7 10 26
18 22 50
9 12 40
6 10 49
10 14 39
2 6 33
17 19 22
2 4 43
5 10 38
6 9 46
13 18 35
6 9 24
10 12 17
2 3 38
15 20 39
19 23 35
22 1 44
0 1 22
9 12 37
3 6 44
0 4 15
16 19 24
0 3 2
13 17 50
19 22 48
19 23 5
10 13 25
18 23 31
10 12 3
12 15 8
6 10 4
3 7 30
12 15 7
20 23 17
7 10 45
15 18 34
20 21 32
