100 8
3 1 8 7 1 6 5 1 
12 16 8
5 8 3
12 13 7
7 11 7
3 5 2
13 16 7
7 10 3
13 16 5
22 3 5
21 0 1
14 17 5
21 23 8
17 20 5
9 12 1
13 14 5
2 7 6
13 16 7
22 1 6
2 4 1
20 22 1
5 9 2
13 16 8
10 15 1
11 13 8
9 12 6
0 2 4
21 1 3
2 5 8
10 15 1
5 7 6
17 21 3
8 13 5
2 4 3
4 11 1
15 17 7
0 2 5
8 9 5
7 10 8
2 4 3
20 22 4
17 22 1
16 19 2
0 4 3
1 3 7
20 0 8
3 4 3
12 15 1
7 11 4
10 12 4
15 18 5
13 15 6
3 4 8
17 20 5
14 16 3
11 13 8
9 12 7
16 20 8
6 8 2
22 1 2
13 16 1
23 3 2
20 23 8
16 21 1
5 8 1
8 11 1
8 11 4
18 23 1
9 10 2
23 3 2
16 20 6
21 0 4
12 14 8
10 12 4
4 6 5
7 10 8
5 7 6
5 8 3
7 10 4
7 11 5
6 8 2
15 18 2
3 5 7
22 1 6
23 3 2
19 22 3
20 23 8
18 20 7
21 0 6
1 4 1
9 11 8
1 4 7
16 21 5
14 17 2
0 5 5
5 8 5
20 22 7
11 15 6
3 6 1
15 18 8
14 18 3
