500 6
3 3 2 3 6 1 
8 10 4
8 12 6
21 1 6
14 17 5
3 7 2
16 18 1
13 16 3
21 0 6
12 14 1
5 10 5
19 22 3
21 0 4
14 17 6
11 15 2
13 15 2
23 5 6
7 12 3
13 15 1
8 12 6
5 8 5
17 20 5
21 23 5
9 12 2
21 2 1
11 12 2
10 12 3
2 5 2
1 4 3
6 9 2
1 5 2
0 2 6
8 12 5
12 15 4
14 16 1
11 14 4
9 13 6
13 16 1
18 21 4
11 15 1
1 5 4
9 13 2
7 11 6
10 13 3
1 3 1
3 5 1
6 8 6
14 17 3
10 12 3
21 0 1
11 14 1
17 20 5
15 18 3
14 14 3
6 10 2
19 23 3
0 2 5
8 13 2
13 18 4
7 11 3
16 19 2
5 7 4
14 18 2
11 13 1
5 6 2
13 16 2
18 21 2
23 3 6
9 14 5
14 14 5
18 20 2
17 19 5
11 12 5
1 3 3
18 18 6
16 19 2
17 21 6
23 2 5
7 11 5
8 10 2
6 9 2
17 20 4
17 20 5
4 7 3
22 3 3
16 20 5
5 10 2
11 15 3
10 12 2
23 3 1
5 7 5
9 13 2
8 11 1
2 4 4
9 12 1
8 11 4
8 11 2
15 19 4
4 8 2
4 6 4
14 17 1
4 7 2
22 23 1
18 21 1
20 22 1
14 17 6
8 9 5
6 8 1
13 16 2
13 17 2
2 5 4
5 7 2
15 19 5
10 12 3
9 12 1
13 17 3
14 18 3
13 16 4
13 16 5
12 12 6
23 3 5
12 14 3
8 10 2
22 0 1
14 16 6
13 15 4
23 1 5
14 16 5
8 12 2
23 3 5
23 2 6
7 11 3
11 15 2
11 14 2
8 11 2
3 6 6
23 2 4
19 22 5
18 20 1
5 7 2
10 13 3
17 22 4
3 6 3
8 13 1
17 19 5
20 0 3
14 17 5
5 8 4
19 22 6
23 2 1
16 20 4
11 14 2
19 22 3
6 10 3
8 11 4
17 21 5
7 12 2
11 13 1
4 6 1
22 0 4
18 22 1
0 2 6
9 11 5
1 4 3
2 5 4
9 13 5
4 8 1
15 16 2
8 11 4
14 18 1
14 18 1
23 4 5
6 8 5
17 20 5
21 0 4
13 16 2
11 15 6
18 23 5
21 2 1
0 5 1
4 8 6
0 3 2
11 14 4
5 9 6
13 16 3
8 11 2
5 10 4
9 13 1
5 9 4
13 18 4
19 21 3
0 5 6
23 3 3
20 23 5
10 11 6
16 18 1
21 0 1
14 16 6
15 16 2
9 13 6
7 11 4
10 14 6
4 7 5
16 18 5
13 16 1
6 8 3
4 9 6
16 20 3
14 18 3
18 21 4
3 7 1
20 0 5
0 2 1
1 3 4
20 22 1
5 6 5
3 6 3
0 4 1
21 1 3
21 0 1
20 23 5
11 14 4
22 23 2
5 8 2
15 18 6
21 0 4
19 21 3
12 15 5
10 13 1
1 4 6
12 16 5
1 3 1
16 17 1
1 3 2
21 1 4
21 23 2
16 19 1
6 6 4
14 17 1
13 16 3
20 1 3
16 21 4
7 11 5
9 13 5
18 20 6
0 3 5
22 1 3
4 8 5
6 8 4
23 3 4
21 1 2
18 21 3
22 23 6
20 22 4
2 4 5
15 19 2
16 19 1
20 23 2
21 0 2
4 7 2
19 22 3
9 12 1
16 19 6
19 23 5
14 17 4
10 14 3
22 1 5
18 21 6
11 13 1
13 16 5
13 17 6
2 6 4
17 20 4
16 20 4
16 18 1
11 15 3
6 9 2
13 16 4
5 9 2
12 15 5
20 0 3
1 5 5
13 14 1
17 20 5
3 5 3
15 18 2
13 16 4
4 8 3
19 22 5
21 0 1
19 23 2
4 8 1
13 15 6
23 3 4
7 10 5
15 16 3
3 7 5
10 12 4
12 16 4
9 11 2
7 11 4
18 21 6
20 23 5
23 2 1
10 15 6
7 11 6
16 19 4
11 16 6
1 5 6
20 23 6
14 19 2
17 19 5
14 16 2
1 6 4
22 1 1
23 4 4
15 19 3
21 0 5
18 20 5
8 11 2
17 20 3
6 10 2
20 22 2
5 9 1
6 10 2
7 10 5
8 12 4
14 18 3
16 18 4
8 10 2
17 20 3
13 16 5
2 5 3
11 13 1
6 8 1
20 23 5
14 17 6
6 10 1
13 15 4
23 3 3
6 6 6
7 10 1
7 10 5
5 9 4
18 21 5
17 21 5
19 22 6
20 23 2
3 7 2
10 13 1
8 11 2
18 21 1
11 13 5
4 8 3
12 15 2
22 2 5
10 14 3
7 10 1
16 17 4
14 20 5
0 1 2
8 12 4
22 0 4
20 23 2
9 12 3
17 20 1
0 3 6
19 22 1
14 17 6
17 19 1
4 7 6
16 20 5
9 14 1
2 5 1
4 7 4
14 17 1
23 0 3
17 22 5
20 21 1
21 1 5
1 4 3
9 13 4
6 8 1
12 16 2
9 11 6
7 10 2
12 14 5
17 21 4
11 15 6
2 3 5
3 5 1
2 5 1
9 13 4
18 21 1
5 7 1
3 5 2
9 12 3
13 18 6
11 14 3
1 5 1
15 19 1
17 20 1
22 2 2
20 23 4
19 22 4
4 6 5
4 8 6
3 7 2
8 12 1
6 8 5
1 5 2
0 2 5
17 19 5
11 14 6
23 3 2
18 20 5
23 3 1
11 14 5
3 5 2
14 17 3
8 12 4
11 14 6
5 7 6
0 2 3
19 23 2
14 18 4
15 20 5
12 13 5
10 14 5
0 2 5
18 20 5
9 12 1
22 23 4
23 3 1
21 23 1
4 6 6
21 23 4
20 22 5
11 14 2
23 3 2
16 19 2
7 10 1
12 15 6
20 23 5
4 6 6
12 15 3
9 11 5
8 12 1
15 16 4
6 9 5
12 15 5
7 10 3
18 20 6
10 12 1
20 0 3
14 16 3
21 0 4
21 23 6
23 1 4
10 13 6
23 1 3
4 7 2
18 20 2
2 5 6
17 21 6
22 2 6
3 6 4
15 17 1
6 10 1
6 10 3
14 16 6
21 23 6
0 4 5
13 15 1
22 2 1
19 21 1
19 21 3
3 5 4
15 19 2
12 14 2
5 8 3
17 19 2
22 1 3
18 22 1
21 1 4
1 4 4
17 20 3
20 23 6
18 22 4
12 15 3
20 21 3
23 2 6
0 2 5
17 20 4
9 13 4
1 5 2
23 0 6
5 9 6
17 21 5
22 1 1
3 8 4
