200 50
26 12 48 24 35 49 19 32 28 24 19 7 20 24 17 29 4 48 39 23 25 7 19 4 50 45 1 41 13 31 20 2 12 13 44 46 46 30 27 41 49 3 39 22 34 40 11 9 19 7 
4 7 20
8 12 43
9 12 5
19 22 1
17 20 13
21 1 18
1 3 26
2 3 8
20 23 18
2 4 27
4 8 2
6 10 7
16 18 3
9 12 49
9 12 4
21 23 18
10 14 40
2 6 17
10 12 45
22 2 20
21 0 30
22 3 42
9 13 1
22 1 1
15 20 3
11 15 47
0 2 19
15 17 42
14 18 22
7 9 33
13 18 15
13 16 36
21 0 10
12 14 35
22 4 15
18 22 4
15 18 44
2 5 29
7 11 46
6 9 27
19 22 10
12 15 50
17 20 4
8 11 2
4 8 42
10 12 1
0 4 17
15 19 37
21 1 36
7 10 13
5 7 20
10 14 37
0 4 49
3 5 46
22 0 19
9 12 31
1 4 46
19 22 15
5 8 7
18 21 12
12 15 48
17 21 41
8 12 22
11 11 37
21 2 28
8 11 13
14 19 13
2 6 19
3 8 6
1 4 26
3 6 30
2 4 40
7 10 21
18 19 25
17 19 13
10 12 6
6 10 27
6 11 25
21 0 31
22 1 20
8 11 40
14 17 21
9 13 16
23 3 40
10 14 2
18 22 36
1 4 8
7 8 14
21 23 17
2 6 21
4 7 12
9 11 50
6 8 33
0 3 27
2 3 24
9 10 47
16 19 37
3 8 40
20 23 50
16 19 44
12 15 23
5 9 45
15 18 19
20 23 40
8 13 42
9 13 5
7 10 36
13 19 2
13 16 5
19 22 46
17 20 3
8 12 15
22 1 39
13 16 12
14 14 4
15 18 46
5 8 12
21 0 3
6 8 12
11 17 28
7 9 4
10 13 24
11 13 6
22 3 37
12 16 48
16 19 43
10 14 14
13 16 49
16 19 25
7 10 28
14 18 44
9 12 42
16 19 14
17 19 32
2 4 19
5 8 36
0 2 48
7 12 9
10 13 49
18 22 8
22 1 18
8 11 13
19 21 21
10 13 32
22 1 19
18 20 34
0 2 4
1 5 39
3 6 36
3 6 49
8 9 24
16 18 38
9 10 19
14 16 27
4 6 15
20 1 26
17 20 15
9 13 50
9 13 13
21 22 45
19 23 2
20 0 7
16 20 2
20 23 18
16 18 3
4 7 23
13 16 19
19 23 11
0 2 26
16 18 18
12 17 50
8 12 48
18 21 4
13 16 6
6 10 30
7 9 5
18 22 9
10 14 19
7 9 24
1 5 36
19 21 28
15 18 23
16 21 8
9 12 29
10 13 14
0 5 7
14 17 38
21 0 19
20 0 8
23 1 35
4 6 8
3 6 33
13 17 35
23 4 7
3 7 17
20 23 37
2 6 31
23 2 3
14 17 42
20 23 29
