200 4
2 3 4 1 
21 1 3
3 7 3
10 12 2
15 18 4
10 13 1
18 19 1
13 17 1
17 19 1
23 2 1
2 5 2
19 21 2
9 12 2
6 7 4
4 8 1
4 7 4
22 1 3
12 17 4
12 15 1
10 13 3
10 13 4
0 0 1
7 9 1
4 6 1
20 22 2
22 1 1
2 4 3
13 16 1
15 17 1
2 3 2
20 22 2
21 23 1
2 4 3
4 6 1
2 3 3
1 5 1
2 3 2
8 11 2
2 5 2
19 21 1
9 14 3
22 0 3
11 13 3
22 23 3
12 14 3
7 11 1
20 23 3
17 20 4
1 3 3
17 20 1
14 17 1
1 4 1
19 22 1
19 22 4
8 11 1
1 3 1
13 17 2
14 16 1
16 19 3
23 3 2
16 19 1
10 12 1
9 11 1
11 14 1
7 10 3
18 21 4
13 16 1
5 7 4
0 5 2
23 2 3
22 3 1
13 16 4
1 4 4
19 23 2
11 14 4
18 21 4
20 23 1
13 16 2
20 22 3
4 7 2
20 23 2
9 12 3
11 14 3
10 14 3
2 4 3
12 16 2
23 3 3
4 7 2
1 5 4
18 19 4
19 22 4
11 15 2
11 15 4
21 0 2
19 22 4
18 22 4
0 3 3
8 11 4
14 15 3
11 14 4
18 21 2
12 16 2
5 8 3
8 11 4
12 14 4
5 9 4
3 6 2
18 22 4
10 12 2
22 1 4
3 7 1
3 7 4
17 21 2
0 3 1
10 14 2
23 2 1
18 20 2
23 2 3
7 10 2
2 6 3
10 12 2
0 1 2
0 1 2
4 7 4
23 2 1
11 13 4
1 7 3
22 1 4
21 1 4
11 15 1
5 8 1
18 21 1
13 16 2
19 22 2
18 21 2
9 13 2
15 17 2
16 21 2
19 22 1
5 9 1
2 4 2
14 18 4
4 7 2
4 8 4
8 11 1
1 3 3
21 2 4
17 18 4
14 17 2
1 3 4
20 0 1
6 10 3
7 9 2
17 19 2
17 19 3
16 20 3
14 16 3
14 17 3
4 6 1
17 21 4
22 2 3
13 17 1
11 15 4
14 17 2
8 11 1
14 16 1
19 22 3
20 0 3
3 6 2
7 9 4
9 11 2
9 14 3
20 23 4
20 23 1
4 9 1
17 20 1
9 12 2
22 2 4
6 10 2
4 7 3
17 21 2
13 17 4
11 15 1
6 10 3
17 20 4
9 12 2
3 5 3
0 2 1
11 13 3
8 11 1
0 5 3
13 15 1
6 9 3
19 21 2
21 0 2
16 18 4
4 8 1
3 6 4
20 1 1
8 12 2
17 19 4
