1000 50
2 40 31 33 14 7 36 24 35 1 3 14 9 16 14 13 40 33 5 16 18 37 46 24 19 21 42 46 19 11 22 43 20 40 36 43 42 11 41 45 37 18 10 11 41 9 38 37 15 31 
23 1 39
5 9 14
10 13 14
8 12 37
21 0 18
7 11 18
21 1 12
17 19 8
18 18 1
5 8 39
22 1 14
20 23 32
16 18 45
0 4 42
1 4 16
18 21 27
7 11 27
8 12 11
7 9 23
4 8 16
19 21 39
14 18 17
2 6 17
12 15 21
12 15 46
10 12 1
18 21 37
18 21 27
22 2 29
23 4 26
4 5 20
16 19 48
5 7 2
9 12 37
21 1 2
2 4 19
6 9 23
18 20 4
17 18 31
0 0 13
2 5 39
10 14 7
20 0 28
21 0 27
12 15 36
12 13 8
15 18 5
5 9 35
16 20 33
6 9 6
11 14 18
19 21 22
18 21 24
17 18 15
13 16 7
13 14 28
6 9 30
7 11 19
17 19 3
15 17 31
11 16 34
10 12 20
16 20 26
1 3 38
9 13 18
15 18 46
4 8 24
3 5 13
4 7 16
1 3 37
12 16 34
5 9 43
22 0 50
3 5 22
20 23 9
10 13 38
2 6 12
23 1 33
22 1 13
9 13 19
4 7 38
14 18 44
6 8 33
19 22 27
16 19 38
20 23 4
17 21 9
21 0 46
15 19 49
13 17 47
7 9 16
14 17 43
9 11 48
5 7 38
4 7 20
18 21 6
6 9 15
18 22 32
20 23 28
10 12 29
13 18 3
16 19 10
8 13 9
8 13 47
7 10 33
19 22 26
12 16 5
2 4 41
5 8 7
11 12 31
15 17 47
10 13 43
23 2 24
4 6 8
2 6 32
10 11 34
16 21 7
6 10 2
12 14 23
23 1 17
16 19 31
11 13 26
4 8 24
11 15 12
4 7 15
17 19 43
4 7 7
13 16 49
7 10 39
12 15 35
11 13 7
10 12 16
2 5 48
11 14 15
4 6 37
20 0 8
16 19 47
3 5 33
20 0 21
3 6 47
10 13 19
3 6 20
3 6 8
10 12 46
8 11 3
3 6 22
13 17 22
4 7 32
5 8 42
18 22 2
1 5 12
11 12 42
14 18 45
15 20 10
0 2 17
8 10 13
14 16 13
1 3 32
5 7 27
9 12 28
21 23 19
18 20 8
2 5 2
5 9 24
11 15 7
5 9 29
5 7 37
12 15 39
20 23 1
1 4 19
15 18 49
7 8 48
14 16 21
20 0 16
21 1 47
20 0 27
11 15 29
16 20 40
19 22 10
13 16 6
11 14 24
8 12 7
10 13 14
4 7 1
1 4 34
17 19 16
20 22 37
16 19 11
15 19 42
10 13 8
17 22 33
20 22 29
14 17 12
3 7 30
14 18 32
15 19 3
18 21 22
7 10 28
12 15 36
18 21 41
7 9 48
6 9 11
3 6 42
22 1 48
15 16 33
6 10 18
1 4 41
13 14 26
4 6 6
13 16 41
13 17 43
14 16 49
21 0 16
9 12 9
20 23 22
23 0 24
20 23 36
9 12 30
18 22 31
17 21 21
3 7 38
19 21 41
4 6 21
7 11 9
5 8 32
19 22 18
3 6 20
9 13 4
14 16 34
17 20 41
7 10 30
22 2 46
13 16 9
18 22 41
5 8 36
6 9 17
0 3 38
11 13 28
13 15 22
17 18 22
2 4 6
1 5 17
15 18 31
3 4 32
11 14 7
17 19 13
21 2 5
8 13 35
7 11 32
22 1 22
1 4 19
18 23 12
9 12 48
19 20 26
22 1 23
15 18 6
18 20 17
23 1 41
0 3 30
15 18 4
11 14 24
21 22 26
12 16 26
6 10 34
16 18 36
5 8 5
8 11 13
8 13 19
12 17 12
10 14 47
7 11 36
12 15 36
22 0 19
10 12 29
18 20 24
20 23 41
18 20 17
21 2 27
15 18 16
22 23 28
12 14 38
4 7 35
8 10 3
7 10 36
5 8 34
0 4 44
8 12 32
5 7 20
2 5 4
8 12 9
1 4 31
13 16 3
20 1 22
9 11 47
7 8 15
19 23 1
7 9 26
1 4 49
17 20 12
2 5 48
23 3 28
14 16 11
1 6 25
5 8 21
1 5 11
6 8 11
13 18 48
1 4 43
4 7 16
3 6 47
16 18 43
11 14 34
11 14 1
19 22 9
21 23 39
8 11 45
21 1 28
2 6 50
9 11 10
9 13 27
21 23 8
1 3 31
14 16 45
15 17 47
9 11 19
7 8 15
5 10 38
23 1 5
19 22 44
9 12 22
23 3 7
8 12 45
0 2 3
0 4 13
14 15 40
2 4 37
19 20 29
16 17 5
1 4 10
5 8 31
21 0 31
19 21 7
11 15 1
14 18 36
3 5 22
0 2 4
1 3 13
6 8 22
14 17 1
3 6 5
19 23 30
0 3 25
4 8 41
9 12 29
13 16 3
17 18 30
6 10 18
18 21 18
22 1 41
10 12 44
3 6 31
11 14 37
11 13 46
13 16 44
1 5 1
18 20 38
16 18 44
1 6 50
6 7 26
18 21 20
2 6 8
1 5 50
23 2 41
23 3 14
23 2 48
8 11 34
16 18 27
21 22 18
21 23 41
2 3 12
20 22 2
8 11 6
1 3 23
6 11 17
5 9 10
10 14 15
8 11 40
1 7 24
9 13 46
9 13 4
18 21 47
2 6 39
19 22 8
4 6 47
12 16 45
21 0 19
19 22 5
15 19 33
6 9 32
22 2 8
10 13 41
21 0 47
6 10 4
15 18 15
1 3 46
18 21 7
17 21 23
8 11 7
7 10 13
4 7 31
17 21 49
5 8 11
5 9 11
15 19 15
19 21 35
7 10 25
0 4 48
5 8 10
8 11 24
3 6 1
20 22 8
17 21 4
12 13 46
15 17 39
22 3 14
10 12 29
7 8 41
8 13 37
3 5 25
23 3 5
9 12 21
3 6 18
17 22 39
7 9 42
0 2 39
18 21 1
1 4 3
20 23 17
17 20 32
22 2 11
19 22 13
4 7 7
1 3 26
21 1 27
0 2 21
20 22 48
18 22 47
6 9 36
21 0 31
17 21 35
5 8 37
9 10 13
10 13 4
7 10 9
14 16 37
10 13 31
10 15 14
2 4 9
6 10 37
3 7 16
3 5 35
19 21 22
1 5 25
2 6 44
21 1 11
18 19 35
13 16 41
21 0 16
20 22 46
5 9 50
15 17 47
0 3 11
15 18 45
1 5 27
22 1 4
14 16 13
13 17 26
18 22 38
17 20 20
18 20 1
23 2 31
12 16 23
13 16 45
9 13 10
7 11 47
1 5 45
11 13 26
9 12 24
11 14 23
3 6 12
19 21 23
11 15 21
11 14 17
2 5 41
5 10 17
9 13 3
21 1 26
20 0 32
7 9 50
18 21 8
15 16 4
8 12 1
5 7 28
18 20 49
10 13 7
20 20 11
15 18 26
17 21 42
22 0 39
15 18 20
13 16 38
16 18 12
21 23 8
18 21 29
21 0 7
18 22 22
11 15 6
1 3 50
8 12 45
12 17 40
10 14 47
11 14 48
22 0 39
3 6 13
12 14 47
21 1 49
14 17 19
18 22 37
2 6 29
15 21 4
3 7 18
12 15 7
4 8 37
9 11 8
21 23 42
0 5 3
16 19 34
14 17 26
21 0 28
7 11 28
17 20 5
20 23 46
12 16 27
9 12 2
5 7 36
1 4 26
19 22 43
13 14 40
7 10 49
7 12 45
23 0 20
23 2 26
23 2 26
20 23 32
21 0 6
13 17 23
1 4 50
16 20 39
13 15 33
4 7 4
15 18 42
21 22 12
4 7 17
8 12 6
3 5 4
20 22 25
18 20 50
6 10 50
9 11 32
11 14 50
12 14 11
17 21 40
3 7 2
19 0 41
13 16 40
23 4 28
22 0 9
5 8 23
1 5 44
7 9 24
10 12 25
6 12 7
14 17 47
6 9 13
6 10 31
14 18 9
23 2 5
16 18 41
17 20 21
11 15 8
8 12 29
0 5 3
23 1 50
6 9 3
8 12 32
11 16 40
4 9 21
6 10 25
2 7 10
17 19 35
2 4 30
0 4 32
9 11 32
0 3 42
7 10 25
15 16 38
19 22 19
11 12 2
22 1 46
2 3 14
8 13 2
17 20 4
8 12 25
2 4 32
16 19 35
14 17 12
18 23 17
23 2 31
12 14 20
11 14 41
0 5 21
5 8 2
8 10 4
22 1 33
6 10 43
0 2 42
14 17 33
4 7 12
5 9 20
5 7 2
1 5 10
21 22 31
14 17 43
21 1 46
2 6 17
23 2 39
1 6 19
1 4 47
8 11 34
21 23 42
4 8 42
19 23 50
13 16 13
9 14 8
21 0 14
8 9 29
8 10 11
22 1 4
8 11 20
18 21 20
3 7 37
5 8 21
11 14 17
6 8 42
5 7 23
14 17 5
2 5 19
12 13 10
14 17 41
17 20 26
7 11 11
0 4 27
18 23 43
9 13 42
1 3 20
21 23 21
17 18 25
22 1 12
20 23 14
23 1 36
14 18 4
6 9 35
23 0 19
20 23 23
6 9 45
11 14 21
18 21 25
16 18 45
13 17 35
0 3 32
17 19 3
0 5 6
1 3 19
13 17 33
1 5 9
17 21 25
22 3 13
16 19 10
11 14 42
1 2 45
11 13 20
10 14 29
3 5 12
16 18 5
1 4 23
23 1 47
13 16 17
13 18 11
20 23 12
22 2 37
7 11 36
0 4 50
11 14 49
1 5 46
9 11 34
22 1 34
23 1 46
0 3 42
1 5 27
5 8 8
1 4 40
19 23 3
3 5 14
15 19 17
7 8 17
13 14 32
9 12 41
21 0 28
3 7 50
20 22 40
19 23 27
22 1 49
22 0 33
2 4 25
15 16 36
4 6 29
22 2 41
15 18 21
10 14 23
6 10 42
13 14 33
21 3 38
17 20 43
9 12 42
8 8 39
6 9 39
18 21 12
15 18 25
17 20 18
19 23 3
6 9 34
7 10 41
12 16 3
16 21 28
21 0 31
14 15 17
6 9 17
4 8 21
22 1 41
8 11 21
4 7 25
0 3 28
6 10 24
3 8 6
18 20 25
4 7 22
11 13 4
21 1 12
12 16 16
16 20 5
9 13 43
3 6 49
17 18 28
19 23 5
16 18 26
20 23 23
22 2 32
17 21 20
17 20 38
4 7 5
20 22 25
9 12 3
5 8 50
11 14 27
13 17 5
20 0 24
2 5 50
22 3 12
3 6 49
18 21 7
21 1 4
11 13 34
13 16 19
0 3 19
19 21 50
14 20 17
20 23 4
0 5 38
15 17 31
9 11 26
3 5 27
9 11 15
4 6 32
23 2 5
8 9 43
19 21 28
20 21 17
2 5 4
17 19 34
21 23 1
12 13 25
21 1 44
8 10 33
2 4 36
2 3 39
16 20 7
3 7 7
12 15 10
18 20 2
14 16 30
16 18 4
7 9 24
12 15 49
11 15 8
9 11 44
23 1 24
12 15 17
12 15 11
6 9 19
8 12 28
19 21 1
18 21 50
8 13 11
1 4 2
20 23 38
3 6 1
20 22 41
12 16 12
12 15 34
0 4 34
19 21 25
18 20 18
0 3 9
10 14 27
13 14 4
15 17 2
11 14 4
3 5 19
18 21 39
18 22 3
23 1 12
22 1 16
14 18 10
18 21 43
1 4 11
9 12 32
15 20 49
22 1 4
6 8 21
18 21 34
17 21 27
17 21 4
5 7 15
12 14 31
23 3 47
23 1 50
23 2 13
16 19 28
16 19 37
3 6 7
12 16 2
1 4 28
10 13 45
7 11 2
17 19 39
15 18 13
21 0 18
11 14 1
6 9 23
6 12 40
5 8 14
16 20 44
14 17 44
0 4 5
15 17 3
9 12 36
9 13 7
0 3 9
12 16 30
18 22 34
8 11 37
12 15 43
1 3 33
21 23 39
6 9 30
0 3 16
19 22 49
5 9 23
6 9 40
1 4 14
12 15 17
16 19 46
19 23 48
22 2 29
0 3 26
21 0 14
20 1 19
20 23 22
17 19 14
21 1 23
4 8 15
7 11 21
12 16 29
4 8 9
0 3 19
10 12 40
5 9 38
17 19 25
14 17 49
16 19 8
14 17 48
13 15 10
11 15 27
20 22 23
4 7 25
20 22 46
10 14 2
22 2 49
7 10 32
2 4 28
22 2 8
0 3 35
17 20 14
9 13 12
5 9 33
22 1 9
7 10 18
11 15 18
18 19 25
10 11 11
18 23 16
13 19 45
14 17 37
9 12 34
10 12 7
5 6 13
3 5 11
7 11 39
4 6 44
17 18 17
22 0 44
7 11 6
5 7 7
1 6 13
20 0 11
21 2 39
3 4 30
4 6 33
9 16 23
5 8 12
15 19 30
4 8 11
5 9 7
18 21 4
10 12 15
17 22 20
4 8 17
15 18 18
19 0 32
19 23 2
10 14 2
8 10 35
1 4 28
18 21 50
12 16 8
20 23 7
13 14 43
7 11 7
10 13 38
10 13 39
5 8 8
9 12 33
9 13 16
7 10 39
6 10 9
19 22 17
14 17 17
11 15 25
6 9 21
20 22 23
20 23 21
0 3 4
19 21 1
7 10 31
5 6 50
1 5 45
4 7 27
11 17 19
23 2 32
13 16 28
21 0 6
12 15 46
0 4 7
19 21 35
8 12 43
11 14 21
15 18 24
0 3 23
18 20 33
4 9 40
