1000 10
6 5 1 6 4 8 10 4 7 4 
5 8 4
1 3 8
3 6 8
7 11 4
12 14 7
8 11 1
6 8 8
7 10 5
10 12 2
17 21 9
20 0 2
6 10 5
15 18 1
19 0 2
10 13 5
6 8 10
17 19 10
0 3 9
15 18 8
18 21 5
18 20 3
2 4 8
16 19 3
19 23 4
0 3 1
18 19 2
17 19 8
22 2 2
0 2 8
8 9 4
7 12 3
3 4 2
17 19 9
10 15 4
10 15 6
23 2 1
13 16 2
16 21 1
0 3 4
12 16 6
0 3 7
13 16 9
19 21 8
19 23 4
7 11 1
11 14 4
14 17 8
2 5 3
17 18 1
4 8 10
2 6 6
11 14 4
6 11 8
15 19 7
3 7 4
11 13 7
15 19 1
19 22 9
17 21 9
18 22 2
17 20 3
22 0 3
4 7 1
10 12 9
11 14 7
13 16 7
9 13 9
14 16 9
5 8 6
1 3 8
0 4 8
22 1 1
3 8 1
13 17 8
11 16 2
23 2 10
4 6 4
19 20 10
16 18 2
19 22 5
13 17 2
19 20 9
19 20 8
10 13 5
13 16 1
10 13 5
0 4 3
20 0 8
0 3 5
6 9 9
17 20 8
5 8 2
11 12 2
20 23 4
11 14 7
22 23 2
20 0 3
4 8 2
6 9 6
22 23 2
4 8 5
15 18 9
7 10 9
9 12 2
13 17 9
11 15 6
20 0 1
13 15 7
16 20 4
10 12 8
22 1 3
7 11 5
1 4 8
4 5 2
22 2 4
11 14 4
9 10 2
7 10 6
10 13 1
10 13 1
9 9 3
19 22 7
4 7 1
1 4 5
6 10 9
14 17 10
5 7 9
7 11 6
0 3 4
11 13 4
4 7 8
8 12 8
4 7 2
20 23 6
0 2 10
9 11 6
16 18 4
9 12 3
20 23 10
0 5 10
8 12 4
21 23 3
11 14 4
16 20 3
11 14 6
12 15 3
1 4 4
18 21 9
17 19 7
18 21 7
19 0 9
16 19 10
6 9 1
10 13 3
7 9 1
3 5 3
15 17 2
7 10 8
21 1 1
7 9 5
10 13 7
17 19 8
2 5 5
8 11 9
23 2 5
18 22 7
16 18 3
0 0 10
7 10 7
17 20 9
16 20 9
20 22 6
23 0 2
17 21 10
23 3 2
16 18 10
11 13 8
16 19 4
16 21 7
0 4 6
10 14 9
5 8 9
1 4 9
21 1 3
18 21 1
19 21 10
6 10 10
11 14 3
7 9 9
14 17 4
21 2 3
13 15 2
0 3 8
16 19 9
16 20 8
23 2 10
8 12 9
6 9 3
10 13 10
5 9 9
16 17 1
10 14 8
4 8 1
1 5 8
7 10 1
11 13 3
13 16 6
2 2 6
22 1 9
18 21 2
17 20 9
14 17 10
14 17 4
4 7 4
10 14 2
5 7 9
23 2 1
21 0 9
23 0 7
5 9 10
12 14 5
5 6 4
19 22 7
12 16 3
10 12 1
0 1 2
8 12 5
23 23 9
11 14 3
22 0 1
3 5 6
0 3 2
2 3 4
1 4 4
19 22 3
12 16 7
22 1 8
23 1 3
0 5 7
23 1 7
6 10 8
3 6 8
17 20 6
21 23 5
2 5 2
17 19 2
4 7 10
21 23 10
2 5 10
8 13 8
13 16 1
2 4 10
13 16 7
3 8 3
11 15 1
1 4 6
4 7 7
23 3 6
7 10 4
13 17 1
16 18 6
9 13 6
19 22 7
6 9 9
2 5 1
22 0 2
0 0 9
16 19 7
17 21 3
7 11 8
0 3 4
10 13 2
23 2 6
18 21 4
22 2 10
0 1 1
10 12 5
1 4 3
15 18 5
15 19 7
2 6 3
23 23 8
13 16 7
11 16 2
16 20 6
7 10 6
1 4 8
7 10 2
19 21 9
20 22 9
4 9 5
21 0 4
19 22 8
4 7 4
20 1 8
10 13 4
20 23 9
10 14 10
18 21 7
18 0 10
9 10 10
2 7 2
6 8 5
1 4 4
22 2 7
2 5 9
19 23 7
0 4 6
20 0 1
1 4 7
2 4 1
16 20 7
5 8 6
11 14 8
4 7 8
7 10 6
22 1 7
20 23 2
14 16 5
1 3 8
3 5 2
1 4 10
1 3 3
3 5 6
20 22 6
15 17 6
23 3 9
14 16 9
1 2 4
18 21 5
1 5 2
22 23 1
19 22 3
18 22 9
19 21 4
23 2 6
8 12 9
1 3 10
4 5 8
3 7 7
23 2 8
6 10 9
11 14 2
18 21 7
0 1 4
17 20 3
1 5 6
20 20 9
6 9 9
2 5 5
15 17 2
3 6 9
9 13 3
9 13 3
9 11 1
10 12 2
6 11 9
15 18 5
23 1 5
7 9 9
2 5 7
6 10 7
2 5 9
4 6 5
12 15 7
9 12 3
10 13 5
20 22 9
8 11 2
8 11 3
11 14 1
21 0 6
8 11 1
18 22 4
18 21 4
2 7 9
13 17 10
15 18 4
16 20 9
17 21 8
17 21 9
14 16 9
20 0 10
0 3 9
21 23 3
3 7 5
17 21 6
4 6 8
6 11 6
18 22 6
16 17 2
21 0 2
0 2 9
2 3 6
10 12 10
16 17 8
1 5 1
14 15 2
11 14 8
3 8 1
16 19 5
15 19 2
11 14 6
16 17 8
13 17 9
3 5 3
12 15 1
10 14 10
15 18 10
16 18 10
9 11 4
9 12 8
21 0 10
20 1 2
20 23 1
14 21 9
21 0 4
12 15 1
7 10 7
9 12 1
21 1 3
12 15 1
23 3 8
0 2 7
13 15 7
17 18 10
1 4 6
9 13 5
4 6 5
19 23 4
9 13 6
7 12 2
14 17 3
23 3 8
19 22 8
23 3 10
23 0 2
7 11 9
22 1 8
23 1 4
20 23 2
7 10 9
4 6 10
3 7 1
8 10 2
20 0 5
14 16 10
8 13 7
5 6 5
9 11 10
13 17 3
2 3 8
21 0 6
16 18 3
16 18 3
22 2 2
12 16 7
3 5 3
22 0 7
18 20 3
14 16 8
9 12 2
15 17 2
15 17 9
11 12 10
6 9 7
4 8 4
8 12 3
4 7 4
2 6 3
20 22 1
20 22 9
19 22 4
5 9 6
3 6 9
15 16 10
14 17 5
18 22 9
8 12 4
22 1 2
2 6 5
0 3 2
22 0 5
7 10 9
19 22 5
4 6 6
16 20 9
20 23 4
4 5 1
16 19 8
15 19 9
5 9 1
6 9 5
2 7 1
23 2 4
13 15 1
18 22 1
17 19 9
13 17 10
23 1 10
12 14 5
2 5 9
17 21 3
5 8 4
17 19 1
3 6 5
20 21 9
2 5 6
18 23 3
1 4 10
13 16 1
4 7 7
21 1 9
6 9 10
9 12 4
23 3 8
15 19 1
21 0 4
11 14 1
4 8 1
3 5 7
10 14 6
5 9 5
6 11 7
1 3 3
2 6 4
3 6 2
2 4 9
0 1 2
23 3 9
2 5 10
21 1 7
20 0 7
6 8 9
21 2 2
11 13 4
20 23 1
8 10 6
23 3 9
21 0 4
12 15 8
1 6 10
18 22 7
22 1 8
15 17 2
14 18 4
12 15 10
13 17 7
11 14 4
4 7 10
14 16 2
11 13 8
0 5 2
0 2 1
21 0 1
11 15 2
3 8 5
1 4 9
15 17 8
10 14 2
4 6 3
9 12 7
0 3 4
10 13 9
10 14 5
14 17 8
8 11 1
10 13 9
6 10 3
6 9 8
11 15 3
23 0 10
18 23 4
10 13 4
20 23 6
5 6 6
23 2 5
2 4 9
16 20 3
15 18 2
11 15 6
1 5 3
2 3 2
22 0 6
15 19 6
22 2 7
23 2 2
6 8 10
10 12 8
16 20 8
15 18 9
7 10 4
8 11 10
1 5 5
2 5 5
6 9 7
23 2 2
2 6 8
18 21 5
8 12 1
8 11 6
0 3 5
14 18 3
5 7 7
10 13 8
6 9 5
2 7 4
3 8 2
6 11 1
13 15 8
9 11 5
10 12 2
16 18 9
23 4 5
16 20 8
10 13 8
22 0 4
8 11 10
23 2 8
8 12 3
18 22 1
1 3 9
4 8 9
9 13 10
21 1 3
0 3 6
14 19 9
9 12 3
8 11 8
16 19 9
11 14 3
7 10 3
0 4 10
11 14 9
0 3 1
3 4 8
8 10 6
11 14 9
18 22 2
13 16 6
6 8 6
22 1 3
12 15 8
2 6 7
9 10 1
8 10 2
3 7 7
0 3 10
2 5 2
5 9 8
7 10 7
15 18 6
23 1 9
22 2 6
0 1 10
17 19 1
5 9 5
4 6 4
8 10 9
1 3 10
13 16 5
2 3 6
14 15 4
11 16 9
10 11 9
12 15 10
6 8 4
10 13 9
9 13 10
9 13 10
11 13 9
22 1 1
21 0 7
15 20 2
7 8 5
5 8 7
9 13 7
6 10 3
5 8 5
11 13 4
21 0 8
11 15 5
21 23 6
23 4 3
23 1 6
13 16 9
11 13 5
6 7 10
22 2 4
18 21 4
15 16 1
7 9 3
18 22 4
8 10 6
2 6 1
5 8 10
22 1 9
16 18 4
3 6 4
8 11 10
2 6 8
3 6 6
7 11 6
18 20 7
16 20 7
4 6 4
2 5 6
4 7 9
0 2 9
23 3 2
21 23 1
13 15 1
19 22 1
9 13 9
6 10 5
23 3 9
6 9 4
21 0 8
17 21 8
4 7 5
13 15 9
20 23 1
16 20 5
22 1 3
13 16 10
3 6 8
5 7 6
5 7 5
20 22 7
3 6 9
11 12 4
21 23 6
9 12 2
6 7 8
12 14 8
11 15 1
19 0 7
0 3 4
3 6 5
9 10 7
0 3 10
17 21 2
4 6 3
23 3 5
3 6 9
16 19 6
12 16 7
7 10 8
14 18 4
9 12 4
11 16 6
15 17 5
2 5 4
11 14 2
4 8 8
10 13 5
8 10 5
23 3 8
8 11 2
17 21 4
17 20 7
4 7 7
19 22 2
23 2 2
11 14 8
16 20 2
0 3 2
1 4 9
6 9 4
18 21 5
11 15 3
19 21 1
6 9 9
12 16 2
22 3 6
4 5 5
20 23 3
5 9 4
0 3 3
13 16 1
16 18 7
22 2 4
19 21 1
15 18 6
4 7 3
13 16 5
17 21 4
19 23 8
22 2 5
10 15 1
16 21 2
3 7 3
20 0 7
16 18 6
15 17 4
0 2 2
3 6 1
13 17 8
20 0 5
13 16 4
16 19 6
4 7 8
17 21 2
23 1 2
6 8 3
12 13 9
0 4 5
18 19 7
17 19 7
9 12 1
1 2 2
18 21 3
23 1 6
19 21 1
14 17 7
12 15 8
3 6 4
5 8 2
9 12 2
19 23 5
0 4 2
23 1 6
22 2 8
13 16 1
2 3 7
13 16 4
17 20 9
14 17 10
7 10 6
10 12 9
23 2 5
1 5 4
18 22 8
17 20 2
4 5 8
22 1 8
3 5 10
4 7 3
21 1 1
15 18 5
6 8 8
6 8 7
5 7 8
19 0 9
3 8 1
3 6 5
11 14 4
13 15 5
14 16 1
16 19 4
11 12 9
12 18 6
0 4 8
16 19 4
11 14 9
3 6 9
20 23 10
14 17 7
17 19 3
23 0 8
5 6 10
21 0 8
10 14 6
13 17 10
0 4 8
13 16 2
1 4 2
15 19 10
13 18 8
19 22 2
17 19 5
14 17 2
21 23 2
22 0 3
23 1 8
0 3 10
4 8 9
12 15 7
13 15 2
18 22 5
15 18 4
17 20 4
13 16 7
13 15 8
3 7 10
12 16 4
4 7 7
17 20 8
16 19 9
19 21 5
22 3 3
10 14 2
13 17 3
23 1 8
17 20 9
6 7 3
10 13 4
14 19 10
5 8 2
15 18 9
3 7 9
7 11 3
19 22 2
15 17 9
4 7 7
6 8 1
21 23 4
13 16 2
9 13 9
14 16 9
14 17 10
21 0 2
4 5 4
6 9 8
10 12 5
21 0 4
4 5 2
19 23 3
20 0 10
0 4 6
3 7 7
1 4 10
2 4 9
15 18 6
17 19 1
6 10 6
11 15 1
11 13 8
1 5 1
22 0 3
18 21 7
6 9 7
13 17 8
18 20 2
20 0 10
23 3 2
19 22 6
17 21 1
16 18 7
15 18 10
19 22 5
20 23 1
18 21 5
17 19 2
5 9 2
7 8 10
4 5 1
19 23 6
16 19 6
9 11 10
19 21 1
16 19 7
3 6 4
2 6 4
2 7 7
3 4 8
16 20 4
5 8 6
23 2 2
2 6 2
23 3 4
9 11 9
7 8 1
1 2 4
22 0 1
18 23 3
12 16 3
4 8 5
6 9 6
15 17 6
5 9 8
8 12 2
7 9 6
13 17 1
17 20 1
4 8 3
12 15 1
15 21 5
1 3 9
8 9 1
12 15 10
5 8 5
14 19 8
13 17 6
19 23 8
15 18 6
0 2 1
21 23 7
5 9 4
2 6 2
16 20 10
11 14 6
6 9 2
23 2 8
11 15 3
8 11 8
22 1 6
9 10 5
0 1 10
18 21 6
