500 20
8 8 9 17 11 8 3 11 17 6 13 12 1 8 8 12 15 10 3 15 
9 11 3
12 15 19
5 5 18
17 21 11
7 10 7
4 5 20
2 5 9
2 3 17
5 11 14
19 21 8
16 21 13
10 12 10
7 8 19
13 16 15
4 8 12
1 5 20
22 0 8
1 3 4
2 4 14
6 7 7
12 15 3
19 22 1
5 5 7
13 16 10
3 5 9
12 14 1
23 3 20
3 6 7
9 11 5
12 14 7
2 5 8
17 20 15
13 16 10
23 2 12
7 11 19
3 6 12
1 3 19
14 16 12
18 21 3
4 10 11
20 1 18
0 3 2
3 5 8
1 4 11
2 6 6
13 16 17
11 15 20
19 21 5
1 4 11
10 12 2
22 2 10
12 15 7
0 3 12
1 4 14
14 17 1
22 1 19
20 23 8
13 16 7
2 6 2
2 6 14
14 17 2
7 10 15
15 17 17
16 20 18
5 7 4
12 13 14
16 20 14
18 21 15
6 10 15
9 12 7
21 0 10
1 3 11
17 20 4
1 3 17
11 13 5
23 1 20
10 15 2
4 6 20
4 8 6
23 2 9
23 0 10
5 8 15
1 4 14
17 19 11
10 12 15
9 12 17
10 13 8
13 16 14
0 4 3
6 8 14
22 0 14
11 17 15
5 8 19
1 2 14
3 5 18
4 9 12
2 7 17
17 20 2
6 7 16
2 5 12
13 16 14
14 18 16
7 12 15
8 13 6
23 2 8
19 21 11
9 12 14
9 13 7
14 17 11
20 23 12
14 17 4
13 16 1
18 22 15
10 13 3
2 4 15
18 20 20
6 8 17
5 7 8
7 10 11
21 0 14
13 14 18
12 17 6
8 10 2
16 19 5
17 19 14
12 13 6
21 0 14
22 2 6
14 18 19
18 23 13
12 15 11
0 2 4
6 10 4
10 13 10
21 23 5
7 9 18
4 8 15
3 6 2
1 5 14
13 18 13
7 8 5
22 2 20
8 11 17
17 19 5
20 23 14
6 9 10
18 21 3
8 12 4
16 18 10
3 7 7
7 10 16
16 21 14
0 3 11
21 1 17
4 7 6
0 4 8
2 5 3
4 5 7
12 16 17
16 19 6
3 5 11
1 4 10
23 23 15
16 20 5
2 5 11
10 14 11
19 23 12
12 15 1
9 12 7
6 9 3
6 11 15
11 11 4
7 11 16
6 8 1
22 1 2
20 22 15
14 17 4
13 15 3
6 9 5
9 12 11
20 21 2
4 6 2
17 20 10
7 10 15
23 2 17
21 0 6
7 10 13
9 11 11
18 20 16
20 22 16
19 21 5
0 2 7
21 0 16
9 12 9
14 18 15
20 1 6
3 7 9
7 12 4
8 11 15
20 0 16
14 17 3
5 9 11
19 22 11
20 22 3
3 5 13
6 11 8
1 4 2
20 0 6
11 14 5
1 3 12
8 12 19
11 14 10
19 22 13
8 10 16
18 21 7
14 18 4
6 10 16
20 21 10
13 15 3
10 13 3
20 0 16
11 13 9
7 11 14
5 6 5
22 1 2
0 3 11
23 1 19
23 3 13
11 14 1
23 3 7
23 2 11
14 16 18
7 11 3
2 5 8
21 0 7
18 20 11
0 3 2
22 1 10
15 19 18
23 2 5
17 21 8
22 2 19
22 0 14
18 21 6
2 5 11
20 23 13
12 16 15
2 4 1
10 13 16
7 9 3
18 22 18
12 16 5
15 18 12
19 23 5
2 5 10
22 1 13
6 9 14
22 3 9
8 11 4
18 21 8
4 5 4
22 4 8
20 0 18
20 0 14
9 13 9
23 2 3
18 20 6
4 7 12
23 2 10
1 5 11
8 11 8
14 17 15
3 7 19
2 6 17
10 12 12
11 13 20
14 16 10
19 21 3
8 12 11
0 1 19
23 1 1
8 12 19
0 5 11
5 7 2
2 5 13
5 8 20
1 4 2
21 2 17
17 21 13
2 5 4
22 1 19
5 8 2
10 11 9
3 6 16
11 13 8
19 21 7
20 22 15
2 3 16
18 20 19
18 20 16
17 21 5
16 19 18
10 14 2
22 2 20
20 23 6
8 11 4
7 9 17
21 1 14
18 21 6
10 13 11
6 8 14
15 18 1
9 12 6
11 14 20
17 19 13
11 14 13
17 21 5
1 5 15
12 16 14
2 6 1
11 14 13
10 13 13
18 21 17
8 10 5
16 21 1
23 2 11
23 0 20
23 0 11
1 5 2
9 13 9
15 18 11
11 12 11
23 3 4
10 14 16
22 23 10
10 12 8
20 0 17
1 4 1
23 2 15
11 14 19
19 22 16
6 9 13
12 15 13
7 10 11
16 19 14
23 2 17
4 6 10
15 20 13
23 1 20
20 23 10
14 16 18
19 23 13
15 18 7
18 21 17
16 18 6
4 7 11
13 16 2
10 13 19
19 20 6
9 12 5
7 11 17
19 23 15
23 0 5
2 7 9
10 12 2
17 20 5
23 2 15
17 20 20
15 16 19
20 23 8
1 3 12
3 6 12
3 6 8
14 17 14
9 12 7
5 8 1
23 1 11
16 20 17
21 0 4
0 4 13
20 23 3
6 10 3
23 3 18
22 23 19
13 17 3
2 6 12
12 14 5
20 1 13
18 21 6
12 15 16
9 12 4
6 10 5
0 2 17
0 2 5
5 8 14
6 10 17
16 19 6
7 10 20
19 21 17
19 22 7
16 20 20
14 17 2
10 14 19
19 20 9
20 23 8
8 11 14
1 3 14
1 6 1
14 17 14
21 22 20
6 10 16
2 5 17
3 6 12
17 20 5
16 19 19
5 8 5
2 6 11
22 3 2
5 10 11
20 0 4
2 6 4
4 8 13
19 23 4
17 21 15
6 11 2
10 12 2
18 22 20
17 18 2
0 3 13
14 14 15
13 17 15
13 15 9
5 8 3
4 5 13
19 20 7
7 10 3
20 23 10
2 5 15
19 20 18
10 13 8
18 21 4
22 2 10
14 17 5
2 4 9
10 15 4
11 14 13
20 21 10
17 19 17
13 17 14
12 16 2
6 9 12
7 9 17
1 4 17
23 4 8
2 5 5
18 22 3
11 13 18
1 4 5
16 20 6
12 15 15
0 3 20
8 10 9
4 6 1
20 23 19
12 16 3
23 1 13
4 8 10
14 17 16
0 2 4
16 20 12
13 15 1
15 18 5
6 8 18
4 6 4
0 3 3
19 22 14
12 15 19
14 19 13
1 3 17
23 2 19
23 2 12
2 6 19
3 7 3
1 4 13
18 20 19
0 2 19
14 15 6
17 19 15
17 21 2
9 14 13
19 20 9
7 10 1
7 10 1
21 23 4
16 18 5
13 15 4
6 10 5
18 21 19
3 7 2
13 14 20
