1000 8
5 5 6 1 6 5 5 1 
16 19 3
11 14 1
15 17 4
3 7 8
20 23 6
7 10 8
10 14 6
8 11 4
6 10 6
6 9 7
1 3 4
1 3 7
19 21 1
13 16 4
6 8 2
0 2 2
22 23 4
21 0 6
12 15 3
7 10 4
15 17 1
18 23 7
15 17 2
5 7 5
10 12 6
21 0 5
12 13 1
14 16 4
23 3 5
11 15 5
23 3 1
1 4 3
11 13 6
7 8 6
21 0 6
3 5 6
10 13 4
9 12 1
10 14 8
5 6 2
16 19 7
11 14 8
21 1 2
2 6 2
23 2 2
8 12 1
15 18 1
9 12 8
12 15 6
11 13 8
2 5 5
17 19 3
23 1 2
0 4 5
4 5 6
17 21 7
2 5 4
0 2 3
20 22 3
6 10 5
23 2 7
7 8 6
18 22 6
23 1 5
0 4 3
4 7 4
12 14 4
21 23 1
21 1 8
1 3 2
16 18 7
16 19 2
9 14 5
21 0 3
4 7 1
4 6 7
1 5 6
6 10 3
16 19 6
14 16 8
21 1 4
6 9 8
0 3 7
4 7 7
0 3 8
12 16 8
2 5 1
17 19 5
20 0 3
6 10 1
13 15 2
10 14 8
6 9 1
7 9 5
18 20 6
7 10 3
12 14 1
18 20 8
4 7 8
17 21 5
6 10 7
13 15 5
11 14 1
4 6 5
3 5 4
16 20 7
23 1 4
4 9 1
3 5 7
3 7 6
11 13 3
15 18 1
10 12 3
2 6 4
13 15 8
6 9 5
19 21 1
14 18 4
2 4 5
17 20 4
20 0 7
20 23 7
2 4 2
12 14 4
19 23 8
7 11 8
18 22 7
10 15 3
23 2 1
5 9 6
17 21 5
21 1 3
12 17 2
6 8 6
1 5 8
13 17 7
0 3 1
2 5 7
12 14 4
17 19 7
4 6 7
7 12 1
1 3 1
6 8 4
18 23 7
10 11 3
19 20 5
17 19 1
23 2 1
5 7 2
14 16 3
9 12 6
13 15 8
3 4 5
3 5 3
10 12 7
18 20 2
19 22 6
5 8 4
11 13 4
15 20 6
19 22 7
11 14 8
23 2 3
9 15 8
7 10 5
8 11 4
3 6 8
22 1 8
11 14 1
2 4 5
14 17 4
6 10 2
18 21 7
16 20 7
5 8 2
14 15 7
15 18 6
9 12 4
20 0 6
5 6 3
22 0 4
11 14 8
16 16 6
16 20 7
5 9 8
20 22 8
6 9 5
2 5 1
4 7 8
18 22 3
20 23 5
16 19 4
23 4 4
14 17 5
9 11 6
2 4 4
20 23 1
11 13 1
3 7 5
13 14 7
22 1 6
22 2 6
23 1 2
4 7 2
18 21 7
3 5 1
10 12 4
18 22 8
19 21 7
1 3 6
6 8 4
15 19 6
0 0 2
18 21 1
6 9 7
6 10 5
4 7 7
18 21 4
18 22 7
0 2 1
19 21 7
6 8 3
5 10 7
21 23 6
12 13 2
2 6 6
20 2 2
0 3 6
4 5 7
2 5 1
0 3 7
20 23 2
20 23 5
1 7 4
21 1 8
1 5 4
3 6 8
12 16 8
2 6 1
21 0 1
15 16 4
0 4 1
3 7 1
12 15 5
8 10 2
19 21 4
21 23 8
6 9 2
8 11 8
14 16 5
7 9 3
6 9 3
0 2 2
22 0 2
16 19 6
18 21 8
1 5 4
6 9 2
23 2 6
16 20 6
11 15 8
10 12 4
21 1 8
3 7 4
1 6 5
23 2 1
10 13 7
15 19 4
15 19 8
8 12 8
18 22 6
11 14 2
0 3 7
2 5 6
2 5 5
22 1 4
7 11 3
12 16 5
6 8 8
7 10 8
7 9 4
3 4 3
15 17 6
23 1 8
6 7 2
22 0 4
22 2 1
1 3 6
18 22 5
15 18 7
14 17 3
21 23 1
21 0 6
12 15 3
4 7 4
15 20 6
23 0 4
0 3 4
18 21 8
15 17 2
2 6 1
3 6 3
23 3 5
12 16 7
18 21 2
7 10 7
16 17 4
0 4 3
8 13 8
13 15 4
9 12 6
20 23 7
10 13 3
15 20 3
20 23 1
19 23 3
1 5 2
0 3 5
20 22 5
18 20 8
15 17 1
16 19 5
18 21 8
6 8 4
21 0 6
5 9 7
16 18 3
23 1 1
9 12 2
1 2 1
7 11 7
21 1 6
11 13 6
6 8 1
4 9 3
7 9 6
22 1 4
9 13 4
10 12 6
3 5 2
9 14 1
19 22 7
2 6 1
22 0 6
19 22 5
10 12 4
13 17 5
6 10 2
12 15 7
21 0 5
4 6 2
21 0 3
8 13 2
18 20 6
4 7 7
4 5 4
3 6 2
23 2 8
9 12 1
21 1 7
12 14 2
1 5 2
21 0 3
15 16 4
11 13 6
11 15 3
14 17 2
3 5 1
12 15 8
13 16 3
5 10 8
14 16 3
22 0 5
18 20 6
17 21 8
7 9 8
21 0 2
9 12 1
22 23 8
15 18 3
7 10 5
12 16 7
22 1 1
7 10 5
22 0 8
5 8 8
8 10 3
2 3 2
1 3 5
11 14 7
22 2 8
9 12 2
20 23 1
15 17 7
10 12 1
4 7 7
22 0 1
0 4 8
15 17 2
10 13 8
2 4 5
18 21 5
17 20 6
5 9 6
18 22 8
3 6 8
12 16 7
3 5 7
22 0 5
0 4 8
23 1 1
19 23 7
16 18 8
17 18 2
15 18 3
0 5 1
0 0 7
13 16 6
20 0 5
14 18 6
20 22 8
21 1 6
0 3 5
3 6 5
21 23 4
13 14 7
18 22 1
19 1 1
23 3 7
9 12 1
0 3 1
11 15 8
9 12 3
0 4 7
23 1 5
13 17 7
12 13 8
13 15 4
15 17 7
14 17 4
13 16 7
5 7 4
6 8 6
16 19 3
13 16 2
2 5 2
22 23 6
12 17 5
2 6 2
18 19 7
9 11 5
13 18 7
12 14 8
15 18 1
14 17 6
5 6 7
19 21 5
13 15 1
4 7 7
14 17 8
16 18 3
2 5 4
2 6 5
6 8 2
13 16 2
16 19 1
18 20 7
6 9 4
20 0 3
22 2 1
15 20 8
18 22 3
14 16 2
5 7 6
17 21 4
3 6 5
22 1 7
11 13 3
13 16 5
5 8 7
23 2 2
19 23 4
20 23 7
9 14 1
9 12 3
19 21 3
11 14 1
13 15 5
6 9 7
20 1 8
17 20 7
21 23 3
0 3 7
20 1 1
12 15 6
19 23 1
16 20 6
3 4 2
17 20 7
5 8 2
22 1 6
6 10 5
13 16 7
0 3 7
23 1 8
7 11 7
0 3 2
4 6 4
17 20 6
0 4 8
15 18 3
11 13 2
14 18 3
11 17 2
14 18 8
19 21 8
1 3 7
4 6 7
18 19 7
15 18 2
14 17 1
3 7 8
23 1 2
16 19 1
7 9 5
18 21 6
9 14 3
20 21 6
19 23 5
5 9 2
11 15 7
11 13 6
1 4 3
20 22 1
6 8 8
8 11 8
19 23 5
11 14 4
8 11 8
0 4 1
14 18 6
19 23 6
2 4 3
15 17 3
5 7 6
3 6 4
15 18 1
10 14 8
14 18 7
20 1 3
22 2 5
13 16 3
3 7 4
18 20 7
3 6 7
4 6 4
3 7 2
3 6 6
22 1 8
0 3 2
8 13 5
2 7 3
0 4 5
22 0 2
3 7 7
22 2 5
10 13 2
0 3 6
1 4 5
20 22 8
23 2 6
4 7 5
6 8 7
11 14 3
2 5 4
19 23 3
15 18 5
17 20 1
9 12 3
18 21 3
11 15 8
19 21 8
12 17 2
11 16 2
7 10 3
8 10 2
15 19 1
1 3 6
21 23 3
10 14 2
8 11 5
13 14 4
1 3 3
2 3 7
14 16 6
16 22 5
21 0 2
7 9 7
22 0 4
0 4 8
12 14 2
13 15 1
9 12 8
17 20 8
1 6 3
15 17 1
2 6 3
17 21 5
7 11 6
22 0 1
12 17 2
12 15 5
18 23 8
6 9 2
22 2 4
5 8 3
17 19 4
23 3 3
1 3 7
8 9 2
2 4 2
1 5 4
20 21 4
8 11 8
4 7 4
17 20 5
3 6 1
15 18 1
7 11 5
13 16 8
20 23 1
23 1 5
8 10 2
17 21 7
15 19 6
10 14 3
10 14 5
1 6 1
17 20 3
5 8 6
6 9 7
16 18 5
19 22 2
0 4 2
17 22 4
0 1 8
15 18 3
1 4 6
2 4 4
2 4 1
14 17 1
4 6 3
23 1 8
19 22 2
12 15 3
9 10 7
20 0 7
2 4 5
17 19 4
18 21 7
1 2 6
10 13 3
14 18 7
19 22 6
0 5 1
23 0 1
2 7 7
9 10 5
22 2 8
6 10 1
0 3 2
18 23 5
13 17 5
14 17 6
2 5 5
13 17 4
14 17 5
3 7 2
15 18 2
1 4 3
15 18 1
12 15 7
3 7 5
20 21 2
16 19 4
11 12 7
0 4 5
10 13 5
21 2 8
19 22 5
0 4 4
22 2 8
20 0 2
11 13 1
16 19 2
21 23 1
7 10 7
21 1 3
15 18 2
21 2 5
14 16 6
5 6 8
20 22 7
9 12 2
0 4 6
8 10 2
10 13 1
15 18 5
17 19 3
16 20 6
16 18 4
21 1 1
4 8 1
15 20 6
23 1 1
17 20 8
9 10 6
8 13 3
17 20 5
3 5 1
17 21 7
3 8 1
3 6 8
8 11 5
10 13 1
0 5 7
18 23 4
21 0 7
22 2 7
1 4 6
15 18 6
2 4 8
22 0 8
5 7 3
20 22 4
7 11 1
5 8 2
7 11 8
13 15 4
0 3 4
19 23 5
22 0 3
19 22 2
3 7 7
20 23 3
10 14 6
20 0 6
6 8 8
2 5 5
20 23 5
12 15 3
11 14 7
3 4 2
18 21 4
0 1 7
11 13 1
2 4 3
14 17 6
5 8 7
13 15 2
21 1 8
10 14 5
3 8 8
14 17 1
16 19 2
20 23 2
0 3 4
13 17 1
8 10 8
11 14 5
21 0 5
14 16 4
21 0 6
12 14 1
12 16 3
20 23 4
6 10 4
17 21 6
1 4 7
20 0 8
1 3 4
10 11 1
6 9 4
7 9 5
7 9 5
9 11 2
15 17 8
9 11 7
11 13 1
5 7 8
6 8 1
21 0 5
21 22 8
4 7 3
9 12 2
10 11 4
13 15 5
2 5 2
6 11 6
8 11 6
15 19 4
4 8 6
5 8 7
4 7 2
13 16 3
5 8 3
1 4 3
7 9 6
6 8 3
22 1 4
15 19 3
11 12 7
10 15 4
5 7 5
4 10 4
0 4 1
0 4 2
18 18 4
7 10 3
22 1 7
7 11 4
2 5 5
23 3 3
19 22 3
18 20 4
13 18 8
6 9 6
7 10 5
22 0 3
5 7 6
13 17 5
6 9 5
8 10 4
13 15 3
2 6 7
16 18 4
7 10 2
12 15 6
19 23 1
13 18 5
3 9 5
11 15 7
19 22 7
12 14 1
18 21 2
0 3 7
22 2 5
11 15 2
11 14 8
1 5 7
10 12 4
5 10 4
11 13 5
9 11 1
15 17 8
12 14 4
6 9 2
0 2 2
20 22 6
15 16 1
4 7 4
14 16 7
13 17 4
2 4 5
11 15 5
5 6 1
10 16 4
5 8 5
0 1 7
11 15 7
8 12 8
10 13 1
14 17 8
8 12 7
1 5 1
18 21 5
12 17 6
20 23 5
10 14 5
21 0 6
23 5 6
23 2 2
11 13 8
12 14 8
4 7 3
23 1 7
14 19 5
11 13 1
11 14 1
1 4 1
18 21 4
9 12 8
17 20 1
22 2 4
4 9 6
13 18 6
13 17 8
9 11 4
16 20 8
10 14 3
8 11 1
3 6 7
15 17 1
21 0 1
15 19 2
3 6 4
10 13 1
14 16 3
19 22 1
5 8 4
22 1 5
6 9 8
13 17 5
15 19 7
23 3 4
12 16 3
13 17 3
12 13 4
5 8 4
8 12 8
16 20 4
4 6 5
0 5 5
12 16 4
6 9 8
5 8 5
10 12 7
5 7 5
16 20 5
5 9 2
16 18 5
15 19 8
11 15 2
9 12 3
11 16 5
6 8 5
21 23 1
20 22 1
0 4 4
17 22 1
14 18 8
13 17 4
15 17 1
11 14 3
18 19 7
4 7 4
9 13 8
13 16 3
4 6 2
7 9 5
1 4 7
20 0 3
21 22 1
8 10 3
19 22 4
7 10 6
2 5 1
5 7 6
5 7 7
19 20 3
10 13 4
22 2 2
4 7 8
23 2 4
21 1 7
19 22 4
12 16 6
6 10 1
2 7 8
2 4 6
0 5 8
8 11 2
8 11 2
6 8 6
1 5 4
19 22 5
11 14 1
22 0 3
18 21 5
1 4 8
23 2 6
1 5 6
20 23 4
21 23 5
10 12 3
23 3 4
1 1 1
22 0 7
10 13 6
23 2 3
10 13 7
15 18 7
11 15 7
23 1 8
7 10 8
14 16 3
23 1 5
15 17 4
22 0 5
