300 10
6 1 4 6 5 2 5 1 1 1 
5 8 8
4 8 6
18 20 1
6 9 9
14 16 9
4 8 1
20 22 5
22 0 3
20 1 4
13 16 8
13 16 5
23 2 8
5 5 1
19 21 8
4 6 3
9 13 9
7 11 10
10 13 6
14 16 4
4 8 6
22 1 1
13 16 7
6 8 5
10 13 7
5 6 2
4 6 4
3 7 6
14 17 3
14 14 6
14 17 3
8 9 6
3 5 3
5 6 9
12 15 3
2 6 6
4 7 6
5 7 10
14 16 4
12 16 6
4 6 6
17 19 7
6 8 8
5 8 7
4 8 2
10 13 5
0 3 7
23 2 1
23 23 2
6 10 7
21 0 7
2 6 7
3 9 5
0 3 7
8 11 6
1 6 9
19 23 5
6 9 6
0 5 5
1 5 8
7 9 2
9 13 6
21 22 7
10 14 2
8 11 6
21 23 7
22 0 3
0 3 6
10 14 7
22 1 10
20 21 8
15 19 1
3 6 9
6 9 1
18 20 7
18 20 1
4 8 8
20 23 6
15 19 7
19 23 4
3 6 10
18 21 7
11 12 7
0 4 9
9 12 1
9 11 5
4 9 5
6 9 5
10 13 6
8 11 2
2 5 7
19 20 5
2 4 2
14 19 4
18 22 1
22 2 10
17 20 2
10 14 7
15 19 5
22 1 6
16 20 1
23 2 8
1 5 2
7 9 3
13 15 5
5 6 9
23 2 4
21 1 5
12 13 6
21 23 10
10 12 7
14 15 7
4 7 5
3 6 9
12 14 7
13 15 9
9 12 7
2 6 8
3 6 9
5 8 2
11 14 5
8 11 10
21 23 3
19 21 10
22 1 7
7 8 9
3 5 3
18 21 10
20 22 1
11 14 4
20 23 8
13 15 10
12 16 1
6 8 3
18 22 2
16 17 5
15 19 6
13 15 7
17 22 4
11 15 1
0 3 7
18 20 8
20 22 1
2 5 10
12 15 9
1 5 3
18 21 3
9 12 4
1 5 10
1 3 4
19 20 3
0 4 3
21 23 10
7 11 10
23 0 5
4 5 2
3 6 3
21 23 8
6 8 7
14 17 3
17 21 6
12 14 3
16 19 1
7 10 5
5 10 3
0 2 5
3 5 3
19 0 5
1 3 7
7 9 4
9 11 8
20 1 9
4 5 4
6 9 7
12 14 2
9 13 6
2 4 9
23 1 6
15 19 2
23 3 6
13 15 4
20 0 2
21 0 4
15 18 5
9 12 10
11 13 4
5 9 2
8 10 1
8 11 4
19 22 4
12 15 5
5 10 6
13 16 6
2 5 8
16 19 10
9 13 3
8 11 3
23 1 1
23 3 3
17 19 4
7 10 5
10 12 3
16 21 3
10 12 10
13 17 10
12 16 9
15 18 3
9 11 9
7 11 9
8 10 10
15 17 5
16 20 4
1 6 6
4 6 3
15 15 2
17 20 9
9 13 3
13 15 10
9 11 1
17 18 2
17 21 5
0 4 7
17 21 10
20 21 3
21 0 8
0 3 4
18 20 2
22 0 1
20 0 8
8 11 9
7 10 2
17 20 2
17 19 5
19 23 5
5 8 10
0 1 3
3 5 5
6 9 10
15 19 8
20 23 10
16 18 8
18 23 10
20 23 2
9 12 6
5 8 4
17 19 7
6 10 6
13 16 8
17 20 2
23 3 2
17 20 3
8 12 10
11 12 3
18 20 9
7 10 1
4 7 9
4 6 10
0 4 8
3 5 1
5 8 1
16 19 7
16 19 9
4 5 5
6 10 5
3 4 8
18 20 10
0 3 3
17 21 7
14 17 10
15 18 7
20 23 2
15 18 6
13 16 4
1 4 3
2 4 1
1 3 5
1 4 7
21 23 6
14 16 2
14 18 10
21 23 8
23 3 2
11 14 7
19 22 4
5 6 7
11 15 8
17 21 7
15 17 8
16 20 2
11 12 6
8 10 10
16 20 9
10 14 7
5 8 8
12 16 8
18 21 5
20 0 3
22 1 5
6 8 2
12 16 1
23 1 5
