100 6
6 5 5 5 5 6 
14 16 6
23 2 5
18 20 5
6 8 3
0 2 4
21 0 2
6 10 2
14 16 4
21 0 4
5 7 6
15 20 6
11 13 1
9 13 3
5 8 6
15 16 3
15 19 4
8 11 4
21 1 3
6 9 2
12 15 5
11 13 1
13 17 5
13 17 2
5 5 2
13 16 2
20 22 6
17 20 3
6 8 5
3 5 4
3 6 3
5 6 6
18 22 1
3 6 6
4 6 6
0 2 6
9 10 3
12 16 6
8 10 2
4 8 3
15 17 2
18 22 5
12 15 4
10 15 5
17 20 2
17 19 6
0 3 5
16 20 6
9 15 5
22 1 1
4 8 3
6 9 5
11 14 1
2 5 5
23 3 4
8 11 5
13 15 4
4 8 5
11 15 4
23 1 6
17 20 4
22 2 4
4 8 3
6 9 1
9 14 1
3 8 2
13 15 2
6 8 6
9 11 5
0 5 1
15 15 3
21 1 1
7 10 5
21 22 4
8 9 5
0 2 4
4 10 5
21 23 4
2 6 5
10 12 1
0 1 1
20 21 6
1 6 5
14 17 4
0 3 6
6 9 4
6 10 2
15 20 1
13 15 1
13 15 5
15 17 5
20 0 4
7 11 6
20 23 6
3 6 6
16 18 3
9 10 3
13 17 6
23 3 6
4 7 1
4 9 2
