500 10
9 1 1 6 4 5 9 6 5 6 
13 15 1
16 17 5
12 16 10
9 13 2
21 23 6
10 15 7
3 7 1
21 0 7
21 0 1
20 23 3
11 14 9
15 19 4
6 10 2
19 0 2
0 3 2
17 20 9
16 19 10
6 8 5
17 22 4
11 16 5
23 2 6
22 0 1
20 22 8
19 22 5
20 23 6
12 17 10
22 1 2
10 13 5
21 2 8
0 3 6
10 13 2
3 6 10
5 8 4
9 13 1
18 21 4
0 2 8
3 7 4
20 22 8
15 18 2
6 9 3
2 5 7
16 18 2
6 7 8
3 7 5
16 18 5
12 14 2
16 19 10
17 18 6
2 4 2
5 8 10
15 17 8
22 0 6
5 8 6
11 16 9
7 9 1
7 11 1
21 22 7
3 8 6
12 15 7
0 2 9
23 2 7
23 2 3
9 12 10
14 16 4
5 8 6
4 9 1
15 18 6
20 0 10
4 8 8
1 3 8
17 19 5
11 13 7
14 18 3
9 13 5
13 15 1
1 4 3
10 12 6
0 4 6
2 5 6
23 2 2
16 19 1
19 22 3
1 5 4
22 2 7
9 13 6
2 6 2
22 0 4
9 11 4
14 17 9
21 1 4
11 16 5
9 12 3
0 3 6
12 16 1
17 21 4
5 9 6
19 23 5
22 1 8
19 21 5
13 17 10
15 17 4
18 21 8
23 2 7
17 22 2
4 8 1
19 21 7
9 11 6
1 6 9
7 10 8
23 3 4
21 0 3
16 20 10
7 10 7
20 23 3
11 14 7
8 12 2
8 13 3
3 8 4
3 5 7
10 14 5
20 23 6
6 8 2
11 14 6
7 10 7
13 15 3
0 4 1
23 1 3
9 11 2
4 6 8
9 11 4
1 3 9
15 17 8
0 1 7
7 10 8
0 4 3
8 11 7
7 9 3
4 7 4
22 1 3
21 23 7
12 16 8
22 0 2
7 10 3
2 5 1
0 4 3
12 15 7
17 20 8
15 17 9
13 15 5
6 10 9
10 13 7
3 5 9
8 10 10
4 6 7
14 16 3
19 22 10
16 18 4
3 7 1
13 15 3
20 23 9
13 16 10
7 11 3
1 5 4
19 23 9
20 23 3
8 10 9
19 23 4
9 12 1
10 11 3
3 5 8
23 4 8
23 0 9
23 1 4
15 18 7
18 21 9
2 5 5
18 19 6
3 5 2
12 16 8
17 21 7
22 1 2
20 23 3
23 4 10
9 12 4
2 4 7
17 22 4
10 13 3
11 14 2
22 1 3
21 1 4
20 23 6
21 1 6
13 15 3
9 12 10
21 0 6
15 19 6
9 13 4
8 12 4
5 8 2
20 1 5
5 7 8
21 23 8
0 3 6
5 8 6
2 3 1
5 7 6
23 23 8
16 17 7
20 22 8
9 13 8
13 17 7
19 22 2
7 11 7
7 11 6
5 8 9
13 16 2
14 16 3
6 9 2
11 13 3
8 10 9
15 18 2
13 16 8
11 14 9
2 6 9
23 3 9
15 19 3
19 21 9
14 17 5
0 4 8
6 11 4
11 15 1
4 7 6
0 5 9
3 5 2
7 11 4
18 22 6
0 2 1
5 7 5
7 11 3
8 12 6
14 17 3
18 22 2
20 22 3
13 15 6
6 9 4
5 7 8
7 10 9
2 5 6
13 15 1
18 20 10
5 7 6
3 6 9
15 19 1
6 9 4
20 22 8
3 4 3
14 16 3
17 20 1
21 0 7
9 12 5
8 11 2
1 5 9
19 23 3
1 4 2
5 10 2
8 11 5
21 22 5
15 18 10
23 1 4
16 21 1
16 21 3
5 7 10
21 0 3
22 0 3
5 8 8
18 20 2
2 5 5
14 17 9
18 21 6
16 20 1
8 11 9
13 14 4
0 4 2
19 21 9
11 13 4
11 14 6
11 15 1
8 10 10
4 7 8
1 5 9
2 6 10
0 3 2
18 20 9
4 6 8
19 22 2
16 19 3
10 13 6
15 18 3
8 11 10
23 0 6
12 16 9
1 6 1
14 17 1
19 22 8
21 2 9
23 2 7
5 8 1
2 6 4
1 5 8
13 17 9
12 15 10
19 22 9
8 10 8
2 5 7
19 21 6
1 3 1
8 11 1
6 8 5
7 10 10
10 13 10
13 16 3
3 5 9
20 22 9
7 11 1
17 21 6
3 6 6
23 1 4
2 6 3
17 20 1
15 18 9
19 22 8
12 13 10
18 21 5
11 14 9
3 5 9
19 21 8
22 0 2
0 4 3
19 23 7
12 17 4
0 2 9
19 22 1
23 4 7
15 18 7
14 18 10
2 5 5
8 12 2
14 16 3
15 18 3
18 22 1
11 15 4
12 15 7
17 19 6
5 6 6
6 8 5
4 8 3
16 19 5
3 6 7
16 18 1
16 19 5
2 4 4
7 11 6
15 18 4
18 21 7
2 6 6
20 22 8
0 3 2
18 21 4
3 5 4
21 23 2
13 17 4
7 9 7
22 1 10
19 21 5
1 4 4
3 5 2
6 7 7
14 15 4
13 15 2
18 20 2
21 0 9
0 4 10
20 23 8
5 7 10
13 16 6
10 12 7
14 17 7
18 23 4
1 4 3
22 2 3
0 4 1
22 1 6
7 11 6
12 13 8
2 7 4
2 5 1
8 12 1
15 19 5
4 6 5
0 2 10
19 22 7
4 8 7
12 17 3
21 22 10
11 14 7
17 20 9
12 17 10
18 21 7
11 13 5
19 21 5
9 12 1
19 21 7
16 20 5
1 3 6
21 1 5
14 18 5
16 17 3
6 11 3
4 8 2
0 3 5
5 8 1
0 3 4
15 17 4
4 7 1
6 8 3
6 8 10
2 4 9
7 11 8
16 18 5
21 1 8
22 1 2
19 23 1
10 14 4
5 8 6
14 16 4
15 18 3
22 2 1
21 1 8
19 22 7
8 11 1
2 6 1
6 10 9
16 20 8
14 17 7
23 2 3
0 1 7
14 18 7
3 7 4
6 12 8
18 22 7
4 7 9
22 0 8
14 15 7
13 18 7
13 16 10
1 4 10
0 4 1
8 10 4
5 9 2
11 15 3
3 6 5
11 15 8
18 21 9
23 1 8
21 1 3
23 4 10
3 6 7
9 13 1
0 3 1
16 19 9
22 23 1
2 4 4
14 16 10
18 19 2
11 13 4
21 0 7
22 1 6
10 11 2
4 7 5
9 12 8
23 1 7
2 8 1
13 18 8
6 8 5
8 12 5
1 4 9
11 13 3
6 10 8
23 4 4
3 6 8
1 3 4
1 5 3
20 0 5
16 19 8
2 5 9
22 1 9
21 0 5
12 14 7
3 6 6
4 6 4
