1000 6
2 4 3 4 6 1 
22 23 1
22 23 4
8 10 4
15 19 4
4 7 6
21 1 3
13 17 1
16 20 5
22 2 3
18 22 3
18 20 2
19 23 5
16 20 5
10 14 6
17 21 6
3 6 6
4 6 2
19 22 4
15 19 2
9 11 5
6 10 4
15 17 1
22 0 4
19 21 3
13 15 6
22 1 6
2 5 3
2 4 1
16 20 3
16 17 4
20 22 5
4 5 1
14 16 6
2 6 6
9 11 6
21 0 1
18 20 6
9 12 3
12 15 3
3 7 3
8 11 2
15 17 3
16 20 6
3 3 4
23 1 3
17 21 4
8 11 4
14 15 6
2 3 3
21 1 3
3 6 6
7 9 3
7 11 4
22 23 2
10 14 1
13 16 6
1 3 6
12 15 3
9 10 1
17 21 2
4 7 6
10 14 2
20 23 5
0 3 4
19 21 2
18 20 6
22 2 2
15 18 1
10 14 3
19 21 5
11 14 4
14 18 4
22 23 1
13 16 1
21 0 4
7 10 1
8 11 2
6 9 4
17 19 2
7 10 6
20 0 4
11 13 6
18 21 2
12 15 6
18 20 3
20 0 6
20 23 6
12 15 6
1 3 4
6 9 5
6 10 6
5 9 6
9 12 6
2 5 3
23 0 1
16 19 5
22 1 3
9 11 1
0 1 4
1 2 6
17 20 6
16 18 3
9 12 2
16 19 2
5 7 1
4 10 6
4 7 6
22 1 6
18 21 3
7 9 2
11 15 1
14 16 6
20 23 3
6 9 4
9 13 1
0 4 3
11 12 6
5 7 2
7 10 6
14 18 1
23 0 4
0 2 4
16 20 4
1 3 6
19 23 5
17 20 6
8 10 2
5 7 6
10 13 1
4 9 4
17 21 6
22 1 5
14 17 5
5 9 3
22 0 6
6 9 2
11 14 3
18 20 5
3 5 6
10 12 4
15 18 3
9 12 6
0 4 1
2 4 3
1 3 6
11 13 5
1 4 2
11 15 6
17 21 3
8 11 2
10 11 5
19 23 3
18 22 6
10 14 3
2 5 2
22 1 2
12 15 5
12 15 3
8 12 2
19 22 1
9 12 5
1 2 1
11 14 4
22 2 3
9 11 2
2 6 5
3 5 6
11 12 4
15 18 3
11 14 3
7 8 1
10 13 4
14 17 4
7 8 6
0 4 6
13 15 4
18 20 4
8 10 1
13 17 1
21 0 6
19 22 2
1 5 2
5 8 1
8 12 5
15 20 3
6 8 1
19 23 4
15 18 1
17 21 1
15 17 6
8 12 2
19 21 6
13 16 2
15 18 2
21 23 1
9 14 3
6 9 2
1 5 3
22 0 1
14 18 5
11 13 2
18 0 1
15 17 6
17 18 6
6 8 3
6 8 3
0 3 4
19 23 1
8 12 6
2 4 2
13 16 5
13 16 2
16 20 4
16 20 1
6 9 2
16 19 2
17 21 5
9 12 4
0 4 3
6 7 5
6 10 6
6 11 4
15 19 6
16 18 2
14 17 2
3 7 5
10 15 1
22 23 5
18 0 1
14 16 4
14 16 5
3 6 5
19 22 4
19 23 6
13 16 1
9 11 2
6 8 6
23 3 6
8 12 1
0 2 6
8 10 3
23 3 4
18 21 3
3 5 4
18 21 6
5 8 1
16 19 4
11 14 6
20 23 1
7 10 4
17 18 3
7 9 4
9 12 5
13 18 1
21 1 4
4 6 3
22 2 1
13 16 4
0 2 6
1 3 5
10 13 5
0 2 4
17 20 1
15 16 6
12 14 6
23 2 6
17 20 6
14 16 6
20 22 5
23 2 5
17 21 3
6 8 3
7 10 6
21 23 4
3 6 6
22 0 1
4 8 3
6 9 4
22 1 2
9 12 2
7 9 4
11 15 6
0 3 4
1 5 1
17 18 4
20 22 2
20 0 4
2 5 1
9 11 3
11 14 4
1 5 2
20 22 1
5 9 3
16 20 6
20 23 2
14 17 5
5 7 4
23 2 6
2 5 2
18 20 4
5 7 2
17 20 6
23 3 5
2 6 6
21 1 4
5 8 3
4 7 2
23 2 3
9 12 2
20 23 2
17 20 4
1 4 4
5 8 5
18 20 3
21 0 1
0 1 2
14 18 4
10 14 6
8 11 6
1 4 1
8 11 2
8 14 2
6 10 3
18 20 1
13 15 4
10 14 5
1 5 1
20 23 2
10 13 3
22 2 2
2 4 1
8 10 4
21 2 4
21 23 6
17 21 2
23 2 5
15 19 5
9 13 2
6 7 4
21 23 6
9 11 3
0 4 2
13 17 4
13 16 1
19 21 4
3 6 3
1 4 5
8 8 3
14 16 1
9 13 2
15 17 2
7 9 4
9 13 5
13 15 5
13 17 2
22 0 1
5 9 2
20 0 2
17 20 1
3 5 2
5 8 4
14 16 3
4 6 2
10 12 3
5 7 1
12 16 1
20 23 1
21 0 2
18 20 6
15 16 2
12 15 2
21 0 5
20 23 2
16 19 5
15 17 5
9 13 6
23 2 2
4 7 3
17 19 6
0 2 4
19 20 6
17 20 3
23 1 5
2 5 4
6 9 1
11 12 3
7 9 4
22 0 4
17 19 2
21 1 6
11 15 6
6 9 2
19 23 5
20 22 4
2 4 3
15 17 2
4 6 3
5 9 5
6 10 3
0 3 5
6 8 3
5 9 3
10 11 2
12 16 1
0 3 3
22 23 3
15 17 4
11 14 2
12 14 3
4 7 2
12 16 6
14 19 3
23 3 6
4 8 3
15 19 2
1 4 5
15 17 4
22 0 3
18 22 3
14 17 2
8 10 1
22 1 1
20 0 1
22 1 1
8 12 5
8 10 3
18 22 6
15 18 2
3 6 5
7 9 3
3 6 3
9 11 3
4 7 1
16 19 6
3 5 3
6 9 4
14 18 4
20 22 5
15 19 2
8 10 3
16 19 4
8 10 5
15 17 1
10 14 4
11 14 1
7 10 6
19 21 3
21 1 3
8 11 1
19 20 5
5 7 3
18 21 4
16 20 3
14 17 6
11 15 6
20 21 6
3 5 2
16 19 2
2 4 4
18 21 5
3 7 1
1 4 5
12 16 1
18 21 6
6 9 3
9 11 2
18 21 6
15 20 6
18 21 1
0 3 5
7 9 2
17 21 1
23 1 5
16 17 3
3 7 2
17 21 1
18 19 3
0 3 1
7 8 4
12 17 5
4 8 2
22 2 3
9 13 4
0 3 4
5 6 6
6 10 2
10 10 4
15 20 5
14 15 1
20 23 5
18 22 6
2 4 3
2 6 1
21 1 3
0 4 1
6 8 4
20 0 3
23 2 4
12 14 4
14 18 2
20 0 5
16 19 5
13 15 6
14 18 4
10 14 3
5 8 1
2 7 3
1 2 5
10 14 6
22 3 1
11 14 3
9 11 2
23 3 3
18 21 3
4 7 2
6 8 4
11 14 2
20 22 6
6 10 5
20 22 5
3 7 3
16 19 6
20 23 6
21 23 5
3 5 2
11 15 2
20 23 3
22 0 2
20 23 4
4 7 1
22 1 2
20 23 5
2 6 4
0 3 6
10 12 3
11 15 5
21 0 4
23 2 4
4 8 3
17 19 4
5 7 1
19 23 5
9 12 2
15 18 5
2 7 5
9 11 3
0 4 6
6 9 6
9 13 1
6 9 3
10 13 6
16 19 4
20 22 1
2 5 6
17 21 1
21 0 2
1 3 2
2 4 4
12 15 4
15 17 2
0 3 2
12 15 3
6 10 5
4 7 4
17 20 6
15 20 3
17 18 4
15 17 4
0 3 5
20 22 5
7 10 5
14 17 5
7 9 6
5 9 4
19 22 2
20 23 6
1 5 3
12 16 6
3 5 3
14 16 6
1 4 6
3 6 4
5 9 6
8 10 5
22 23 6
5 7 5
1 4 4
7 11 6
3 6 3
21 0 4
2 4 1
17 20 3
0 2 3
10 11 4
18 21 2
1 5 5
21 23 2
23 3 1
13 16 4
2 5 1
6 9 1
10 13 2
9 12 5
9 12 3
12 16 3
9 12 1
7 11 5
23 2 3
10 12 1
11 13 3
13 17 6
9 13 4
9 11 2
10 13 2
21 0 3
23 1 6
0 3 2
5 9 3
9 12 3
3 4 4
22 1 2
16 19 6
11 15 4
15 17 4
5 4 1
6 9 4
1 4 1
22 2 3
5 8 5
15 19 1
8 10 5
5 10 4
19 23 1
9 10 3
5 7 4
21 0 4
16 19 5
20 0 6
18 21 1
8 10 5
17 20 4
9 11 3
22 0 5
2 5 2
16 18 6
16 22 2
1 3 4
13 16 2
20 23 4
6 10 1
23 3 3
10 13 4
2 4 6
22 0 6
12 16 1
4 8 3
4 7 4
9 11 3
23 3 4
12 14 4
3 7 3
5 7 2
5 9 2
13 14 3
20 23 2
6 8 5
4 7 2
19 23 4
10 13 3
2 4 6
12 16 1
9 11 3
22 0 4
0 3 6
8 12 1
13 15 1
16 20 6
19 21 5
7 10 3
4 6 5
3 5 3
19 23 3
6 10 1
17 19 2
7 9 2
2 4 1
0 3 5
20 1 5
16 18 1
3 6 1
5 9 2
8 10 1
19 22 3
18 21 1
12 16 4
16 18 4
17 19 1
15 18 4
20 23 2
12 14 4
14 18 5
16 17 2
9 11 5
6 10 6
21 22 6
23 1 2
5 8 5
15 19 4
17 19 6
13 18 4
8 10 4
14 17 1
8 11 2
22 0 2
20 0 5
7 10 6
22 0 2
18 20 4
12 14 4
15 16 1
7 9 5
16 18 4
9 11 1
5 8 1
14 17 3
21 21 3
6 8 5
0 1 5
0 1 4
7 9 6
6 7 6
10 15 3
11 12 4
11 13 4
11 12 2
21 0 4
3 7 1
8 10 1
11 15 5
22 2 4
3 6 3
8 12 3
8 11 3
20 23 5
6 10 4
6 8 1
6 9 6
20 22 1
0 2 4
8 12 1
21 1 5
9 13 4
22 1 6
15 18 6
15 18 1
3 7 5
1 4 6
9 12 4
10 13 6
13 17 2
13 18 4
9 11 2
12 16 2
10 12 2
20 23 5
6 9 2
15 17 4
23 0 1
6 9 1
16 18 3
18 19 6
12 15 3
5 10 3
20 21 3
17 21 5
10 13 1
4 5 3
15 19 2
1 4 1
19 21 3
19 21 5
7 9 3
4 8 1
23 0 3
6 8 2
15 18 6
8 10 1
23 2 2
4 9 2
3 8 4
21 1 6
13 17 3
21 0 4
4 6 2
17 21 1
18 22 2
22 2 6
0 4 1
20 23 1
20 1 1
4 6 1
12 13 3
17 21 6
12 17 4
18 21 2
11 15 6
15 18 1
6 10 2
7 12 1
21 1 2
10 13 6
10 11 6
18 17 1
15 18 3
0 3 4
21 0 1
14 15 3
5 8 4
8 13 5
17 21 1
1 5 1
1 5 1
23 2 3
0 5 3
12 14 2
14 16 1
14 19 3
20 23 6
1 4 2
10 12 3
11 12 5
15 19 5
22 2 5
5 10 4
1 4 4
4 6 4
20 23 5
22 2 5
21 23 2
12 17 6
13 15 6
8 9 3
12 17 6
0 2 4
21 23 3
3 8 1
1 4 6
13 17 2
11 14 5
1 4 6
4 9 5
13 15 2
23 2 6
4 7 6
14 17 2
13 15 4
20 23 6
16 19 1
4 8 2
7 11 6
20 23 5
15 18 6
8 11 5
1 5 4
0 4 5
0 4 5
20 0 2
2 5 3
8 11 2
0 4 1
17 20 6
6 8 3
19 22 2
21 23 1
4 8 6
23 2 1
12 14 6
16 19 4
22 2 5
2 5 5
18 20 5
1 4 5
21 0 5
16 17 3
19 22 2
16 19 5
16 19 4
12 14 2
17 20 1
10 16 5
10 13 6
10 13 4
4 8 5
21 1 6
7 9 1
7 11 4
0 4 3
12 15 4
22 3 2
6 9 4
3 5 3
6 9 2
14 18 3
0 5 4
8 11 1
18 21 6
12 16 5
16 21 5
8 11 1
21 1 5
18 22 2
21 0 6
16 18 6
23 0 6
8 9 4
6 9 4
10 13 1
16 19 1
14 16 5
7 10 5
13 15 3
18 22 4
0 3 2
22 1 3
14 18 2
16 21 3
22 1 6
17 18 2
14 19 5
13 16 6
1 3 5
3 5 4
10 14 4
6 8 2
8 9 2
3 5 3
1 4 1
5 9 5
23 3 3
7 13 1
1 4 1
13 15 6
6 7 1
6 9 1
13 17 2
4 6 2
11 14 5
9 13 2
20 22 3
3 6 1
10 12 1
13 15 1
23 3 3
13 17 3
1 4 2
17 21 2
2 5 3
17 19 2
21 0 5
5 9 6
11 14 4
12 15 2
3 4 3
4 9 5
22 2 6
1 4 3
1 5 5
16 17 3
3 7 3
20 23 5
12 15 2
22 2 2
10 14 6
4 8 2
5 8 5
17 20 5
4 8 5
9 10 1
4 9 6
7 9 3
23 3 1
9 10 2
19 23 6
0 2 4
19 21 5
18 21 5
16 18 4
3 7 5
0 3 1
3 7 1
2 4 3
21 23 6
3 7 4
21 0 2
8 11 5
12 15 1
22 0 3
6 9 2
19 23 6
0 2 3
