100 4
3 3 1 3 
6 7 1
9 13 4
19 0 4
12 14 3
23 1 3
3 4 4
3 5 2
18 22 2
4 6 1
21 1 3
7 12 1
10 13 1
5 10 1
2 5 2
1 2 3
20 22 3
9 13 3
3 6 3
3 8 2
18 21 4
2 6 3
3 6 3
0 4 1
6 9 4
16 17 4
13 15 2
20 1 4
20 0 1
20 23 1
2 6 3
4 8 2
18 20 2
18 20 1
20 23 1
13 15 4
10 15 1
15 18 4
15 19 3
1 4 2
5 7 4
9 12 2
3 7 2
2 5 2
8 11 4
20 22 1
15 19 4
19 20 4
17 20 2
10 14 4
10 14 1
12 14 1
19 23 4
16 19 4
3 5 1
2 4 1
16 19 2
4 7 1
19 21 1
4 8 3
3 6 4
23 1 1
3 7 2
21 0 1
4 8 4
15 18 1
10 15 2
2 5 1
23 3 3
17 21 2
21 1 1
20 0 4
9 12 3
19 22 4
5 6 4
23 3 3
7 9 4
14 17 1
11 15 3
5 6 1
8 13 1
2 5 1
2 4 3
2 5 2
13 15 4
17 20 2
5 10 4
10 13 2
16 19 2
19 21 1
4 6 3
19 22 3
3 5 2
16 20 1
16 19 1
13 14 4
10 12 1
6 10 2
6 8 2
1 5 3
13 16 2
