200 10
5 3 6 1 8 4 1 2 5 7 
5 8 9
8 11 6
10 13 4
2 3 9
16 20 3
19 22 3
7 10 1
0 3 3
13 16 8
10 14 3
5 8 7
5 6 5
22 1 8
0 2 7
3 7 3
9 11 8
11 13 10
4 7 4
18 22 1
20 0 1
2 6 9
22 2 6
0 4 3
11 15 10
0 1 5
23 3 8
6 7 6
3 8 8
8 10 2
15 18 8
17 19 4
23 3 10
7 12 3
10 12 8
3 7 2
16 17 3
10 12 8
8 11 8
1 2 1
7 8 2
8 11 10
6 8 4
1 5 10
13 17 1
19 22 1
2 5 6
16 18 8
14 16 2
9 12 1
6 8 6
10 13 7
22 1 4
2 5 1
23 2 4
20 23 8
1 4 4
4 6 7
10 14 7
20 0 5
11 15 5
23 2 7
0 3 4
6 11 6
11 15 8
12 14 8
22 1 6
4 7 1
23 1 1
17 19 8
0 1 9
1 5 6
19 22 7
5 8 6
11 13 8
12 14 6
20 22 1
0 3 1
4 8 1
11 13 1
6 9 5
7 10 9
5 9 8
3 6 5
3 5 3
4 7 2
1 5 10
5 8 2
2 7 8
18 22 8
11 14 3
13 17 5
21 1 3
0 4 4
10 12 8
8 12 2
15 18 1
16 20 10
13 16 1
2 5 1
5 8 7
12 15 1
3 5 10
11 14 10
19 23 4
3 6 3
15 17 5
8 12 1
17 19 1
7 11 5
4 7 4
23 3 9
1 4 2
18 20 6
5 9 4
14 20 3
14 16 3
5 7 7
2 7 5
14 17 6
6 10 8
11 14 8
22 1 5
4 7 2
3 7 3
0 4 7
14 19 9
21 1 7
9 12 7
21 23 2
1 4 1
12 15 8
23 1 8
2 5 8
8 11 9
10 13 8
0 4 4
21 23 5
11 15 1
4 7 4
21 0 6
16 19 2
6 9 4
3 6 8
6 9 9
23 1 4
10 13 2
16 18 6
10 13 9
20 23 7
19 23 9
4 6 2
16 18 1
4 7 3
21 22 6
23 2 4
22 1 1
23 3 4
23 4 1
21 0 10
11 15 10
6 8 7
2 4 7
17 20 4
11 13 6
21 23 8
16 20 1
3 7 9
17 22 5
22 23 8
4 6 9
21 23 10
13 16 6
21 1 2
22 1 7
2 5 4
12 14 6
10 12 5
3 7 6
9 11 7
3 7 3
12 16 7
17 21 2
19 22 5
12 13 2
22 1 1
4 7 7
5 8 3
22 1 6
20 0 3
6 11 4
19 23 8
11 13 8
17 22 2
2 4 7
22 1 10
23 3 2
6 10 2
10 14 9
2 5 7
4 7 3
