200 20
1 8 11 6 6 17 3 10 3 1 18 15 5 13 12 1 1 18 12 2 
4 7 15
15 17 15
21 1 11
4 8 13
11 15 4
5 8 3
14 18 10
23 3 18
2 4 5
15 18 5
10 13 11
16 20 15
19 22 19
20 22 2
22 0 5
6 10 3
19 23 19
21 23 15
20 21 7
6 10 2
3 5 20
4 8 2
23 2 14
4 6 3
7 11 12
6 9 17
0 5 11
22 1 7
16 19 10
16 18 8
0 3 14
5 6 7
7 10 13
20 23 6
4 8 2
10 16 13
4 6 3
3 4 6
0 3 13
5 9 17
19 22 17
13 15 2
10 12 2
20 23 15
16 18 17
12 14 9
1 3 14
11 14 11
15 18 10
12 15 8
13 17 11
18 21 10
4 7 7
15 20 1
12 16 17
9 12 17
4 8 5
9 11 7
2 4 13
16 20 16
17 19 2
14 17 8
16 19 6
10 14 18
7 10 8
2 6 15
9 10 17
14 19 5
16 19 8
15 20 1
23 1 10
21 0 20
1 4 7
17 20 5
6 7 16
23 3 13
3 4 2
2 5 11
15 19 14
22 2 19
0 3 7
23 3 4
19 20 18
11 16 15
6 9 5
16 18 9
20 22 15
11 15 7
21 0 2
7 10 15
21 2 15
10 11 2
17 18 7
23 2 1
2 6 16
18 21 10
13 16 4
11 15 5
4 8 1
3 5 8
10 13 7
1 3 18
13 18 17
5 8 11
12 14 8
11 13 14
12 15 15
10 14 19
5 7 8
16 18 17
7 12 7
0 3 6
18 21 11
8 11 6
21 0 19
22 2 17
17 20 19
14 18 8
7 9 6
19 21 7
12 14 7
6 8 7
11 15 13
9 11 5
12 16 9
12 15 10
14 16 3
17 21 4
23 3 14
7 10 6
18 21 9
4 7 13
10 13 19
17 20 14
14 15 3
20 1 4
20 22 5
12 14 10
0 3 4
18 22 8
10 13 12
17 21 9
13 16 11
18 20 3
16 23 16
1 4 11
22 0 14
4 8 17
22 0 7
18 20 20
12 16 11
14 15 5
10 12 6
11 13 9
12 15 12
0 3 3
17 20 19
2 4 13
23 1 9
16 20 1
15 17 8
7 11 13
15 18 19
19 22 8
1 4 5
18 22 9
14 17 14
7 11 4
11 13 14
9 12 18
3 6 15
17 21 13
15 19 20
22 2 11
7 10 12
7 10 10
3 6 15
23 1 9
8 9 3
17 19 2
4 6 3
2 4 12
23 4 19
23 3 4
1 5 20
0 4 12
18 23 9
10 14 9
9 11 10
23 2 12
8 11 18
3 7 17
23 3 20
6 10 6
1 4 19
5 8 2
0 4 17
17 20 14
21 0 3
6 9 2
