200 8
4 3 8 1 3 4 1 2 
13 17 3
15 18 7
4 8 3
9 12 5
16 19 1
6 9 2
4 6 2
6 9 6
5 8 6
18 20 6
21 23 4
13 16 3
7 11 4
20 0 7
10 14 5
0 3 1
13 17 4
1 4 2
22 0 1
4 8 4
2 6 6
13 15 4
23 2 8
7 9 2
13 16 5
14 17 3
21 0 7
10 12 6
3 5 5
3 6 7
2 7 8
21 1 7
10 15 6
16 20 7
2 6 6
5 9 3
2 5 6
3 7 7
19 22 1
11 12 2
16 18 8
18 22 7
15 19 1
14 17 8
4 7 8
1 3 6
16 19 7
13 16 4
11 14 6
8 11 4
23 1 4
1 5 2
2 4 8
11 14 4
7 11 5
1 3 4
4 8 7
14 16 3
19 23 5
6 8 8
23 4 7
8 11 7
10 13 4
5 7 1
11 14 5
5 8 4
19 21 5
2 5 3
13 16 2
23 3 5
13 16 2
21 0 1
21 0 1
12 15 8
10 13 6
23 2 4
5 9 5
15 19 2
19 0 8
12 13 3
4 6 8
21 23 5
7 8 4
16 18 1
2 5 6
17 21 6
8 12 1
9 14 8
17 19 1
1 5 8
15 18 7
22 0 1
15 18 6
12 14 8
22 2 4
1 5 6
15 18 7
5 8 2
0 3 8
9 13 1
14 17 5
2 5 6
19 22 1
19 23 2
21 1 6
3 7 6
21 0 6
2 4 8
3 5 6
12 14 8
8 12 2
13 16 6
19 22 6
5 9 7
16 18 8
6 11 1
0 3 2
20 23 5
23 3 2
2 4 6
10 12 4
14 16 6
4 7 6
22 0 5
3 5 6
6 9 7
3 6 5
5 9 4
18 22 3
12 15 6
20 23 8
9 13 7
21 22 2
18 22 7
8 11 4
17 21 7
6 8 1
8 12 3
13 16 5
12 18 7
13 16 7
8 10 4
12 15 4
10 13 7
6 10 6
10 14 4
2 6 6
16 17 2
12 14 1
22 0 7
2 5 6
7 11 5
5 6 7
12 14 5
14 18 2
21 1 6
17 20 4
10 12 4
13 13 3
16 20 8
17 21 8
18 21 4
12 15 5
15 19 2
20 23 4
21 1 6
17 19 3
3 5 3
2 5 5
2 5 6
19 20 7
2 5 7
21 2 6
15 19 5
23 2 8
18 20 4
10 13 5
8 11 1
3 5 8
16 19 5
7 10 8
18 23 4
15 18 1
23 2 6
0 3 4
3 6 6
10 11 2
21 1 8
23 0 8
23 2 8
10 13 5
1 3 6
6 9 7
14 17 5
11 13 3
16 18 2
21 0 2
15 18 8
14 18 8
18 20 4
