500 1
1 
9 11 1
22 0 1
2 4 1
21 0 1
1 3 1
14 15 1
18 22 1
23 0 1
17 20 1
16 20 1
6 8 1
9 11 1
13 15 1
2 5 1
15 18 1
18 21 1
12 14 1
2 6 1
21 0 1
7 10 1
15 19 1
2 6 1
5 9 1
11 14 1
20 0 1
6 8 1
9 11 1
19 23 1
15 17 1
20 0 1
4 7 1
6 9 1
9 12 1
19 21 1
6 8 1
9 11 1
6 10 1
14 17 1
15 19 1
18 21 1
7 9 1
23 1 1
4 8 1
5 9 1
16 20 1
15 19 1
8 12 1
6 8 1
14 17 1
5 8 1
21 1 1
20 0 1
14 16 1
12 13 1
15 17 1
3 6 1
22 2 1
9 12 1
11 17 1
6 9 1
13 14 1
6 9 1
10 12 1
19 21 1
1 3 1
20 22 1
17 20 1
21 0 1
21 21 1
10 12 1
10 14 1
9 12 1
6 11 1
23 2 1
4 7 1
12 15 1
9 13 1
4 7 1
12 13 1
13 15 1
17 20 1
8 12 1
8 11 1
23 1 1
3 7 1
23 3 1
18 21 1
21 1 1
10 13 1
2 3 1
13 16 1
1 3 1
9 11 1
21 0 1
10 13 1
5 8 1
15 17 1
2 5 1
1 4 1
23 2 1
13 15 1
5 8 1
18 21 1
19 20 1
2 7 1
0 4 1
4 8 1
5 8 1
11 15 1
23 1 1
13 16 1
0 2 1
2 5 1
16 18 1
21 1 1
20 0 1
8 11 1
13 16 1
4 7 1
1 5 1
8 11 1
10 14 1
5 6 1
10 12 1
19 22 1
4 7 1
22 1 1
11 14 1
14 16 1
2 6 1
4 7 1
23 2 1
9 12 1
16 19 1
22 23 1
4 9 1
12 15 1
13 17 1
6 9 1
14 18 1
0 4 1
8 9 1
3 6 1
14 16 1
23 1 1
15 16 1
11 15 1
18 20 1
10 13 1
11 15 1
17 21 1
12 15 1
7 10 1
20 0 1
5 7 1
10 12 1
0 3 1
23 1 1
23 3 1
1 4 1
0 3 1
6 10 1
13 16 1
1 5 1
3 6 1
18 22 1
18 19 1
22 2 1
5 9 1
22 3 1
4 8 1
12 15 1
16 18 1
9 12 1
11 13 1
23 1 1
3 6 1
13 15 1
15 19 1
4 7 1
5 8 1
0 3 1
15 18 1
2 5 1
0 3 1
4 5 1
17 18 1
13 16 1
4 5 1
6 9 1
23 3 1
21 0 1
22 0 1
7 10 1
14 17 1
2 6 1
19 21 1
18 23 1
23 2 1
17 17 1
23 3 1
17 20 1
22 0 1
6 10 1
21 1 1
8 11 1
16 18 1
15 18 1
16 18 1
2 7 1
22 2 1
12 17 1
19 22 1
20 0 1
1 4 1
15 18 1
15 18 1
2 6 1
21 23 1
16 19 1
19 21 1
14 16 1
4 6 1
12 15 1
20 22 1
13 16 1
22 0 1
10 14 1
20 22 1
9 12 1
21 23 1
16 20 1
0 3 1
20 0 1
21 23 1
4 7 1
14 16 1
18 21 1
20 1 1
11 15 1
18 19 1
22 2 1
4 8 1
10 14 1
3 6 1
18 21 1
19 1 1
1 3 1
18 20 1
18 20 1
18 22 1
11 16 1
18 20 1
6 7 1
20 1 1
12 16 1
13 18 1
12 15 1
2 4 1
22 2 1
19 23 1
11 13 1
20 0 1
16 19 1
3 6 1
9 13 1
9 11 1
2 3 1
11 12 1
20 23 1
6 9 1
11 14 1
22 1 1
6 8 1
20 23 1
10 12 1
0 3 1
14 16 1
21 21 1
0 2 1
11 14 1
7 12 1
8 10 1
23 2 1
23 3 1
6 11 1
21 22 1
3 5 1
23 2 1
13 16 1
6 7 1
12 14 1
8 14 1
3 7 1
8 11 1
6 8 1
14 17 1
16 18 1
16 20 1
0 2 1
6 9 1
14 16 1
9 14 1
0 3 1
7 10 1
22 1 1
18 20 1
12 15 1
8 12 1
23 0 1
1 3 1
18 19 1
7 9 1
15 19 1
20 0 1
20 22 1
22 2 1
2 5 1
15 18 1
3 6 1
13 16 1
3 5 1
14 16 1
13 17 1
6 10 1
4 7 1
18 20 1
23 2 1
0 3 1
6 9 1
0 3 1
14 18 1
15 19 1
18 21 1
21 1 1
1 3 1
16 18 1
6 9 1
8 9 1
13 15 1
13 16 1
22 2 1
11 14 1
14 18 1
2 5 1
4 6 1
13 15 1
21 23 1
21 0 1
18 20 1
17 19 1
14 16 1
14 16 1
14 18 1
2 3 1
13 15 1
1 3 1
7 11 1
13 17 1
7 9 1
17 18 1
3 7 1
12 15 1
20 21 1
11 15 1
10 12 1
7 9 1
22 23 1
10 13 1
7 9 1
22 3 1
1 5 1
21 23 1
12 15 1
3 5 1
5 9 1
4 9 1
1 3 1
19 23 1
5 8 1
19 23 1
20 21 1
21 0 1
18 21 1
21 0 1
8 11 1
4 7 1
12 15 1
16 18 1
5 8 1
12 14 1
20 23 1
1 4 1
7 11 1
5 7 1
10 14 1
23 3 1
14 16 1
2 5 1
8 11 1
22 2 1
19 23 1
14 18 1
15 18 1
7 11 1
6 10 1
21 0 1
12 14 1
20 22 1
2 6 1
0 5 1
8 11 1
5 8 1
21 0 1
4 9 1
20 22 1
5 7 1
3 5 1
3 6 1
13 17 1
3 6 1
19 21 1
21 1 1
3 5 1
18 20 1
16 19 1
13 16 1
15 18 1
7 9 1
15 18 1
21 0 1
22 2 1
20 0 1
14 16 1
22 0 1
8 12 1
17 20 1
13 15 1
5 9 1
5 7 1
21 2 1
2 5 1
19 21 1
4 9 1
21 22 1
2 4 1
9 12 1
0 5 1
18 21 1
17 20 1
0 2 1
0 4 1
13 17 1
18 20 1
7 10 1
7 12 1
0 3 1
11 14 1
18 19 1
16 18 1
16 19 1
11 15 1
21 0 1
11 14 1
17 19 1
4 9 1
10 13 1
19 22 1
16 18 1
6 8 1
14 18 1
10 11 1
4 6 1
1 4 1
6 10 1
15 19 1
7 11 1
17 20 1
11 14 1
7 8 1
14 17 1
20 0 1
23 2 1
7 10 1
13 15 1
3 7 1
15 17 1
14 17 1
13 16 1
12 16 1
19 23 1
21 0 1
17 18 1
10 12 1
10 13 1
5 7 1
22 1 1
9 11 1
9 14 1
19 22 1
