100 20
2 12 15 17 17 1 6 17 5 19 18 17 8 5 19 6 7 3 6 9 
6 10 4
5 8 16
22 1 16
23 2 18
9 12 9
6 8 19
11 12 8
9 12 9
14 16 7
17 18 6
14 18 16
5 8 10
16 19 20
11 13 10
14 17 15
5 7 9
18 22 4
4 7 6
3 5 16
6 9 5
23 1 8
23 4 15
18 22 1
4 6 13
3 6 10
4 8 5
23 2 3
18 20 10
12 16 11
19 23 5
4 7 7
23 3 8
19 22 11
16 18 20
23 2 5
22 2 10
9 12 16
22 1 20
1 4 1
1 4 20
17 21 7
8 11 16
6 8 14
2 5 12
10 13 19
19 22 11
12 14 7
2 3 11
17 20 6
16 21 11
22 3 20
14 16 12
2 4 12
4 9 8
5 9 3
18 21 17
4 7 9
2 4 7
2 5 3
22 0 8
11 15 13
11 15 2
22 2 5
7 10 13
1 2 7
0 5 7
1 4 19
16 18 20
2 5 17
15 17 19
3 6 14
3 7 8
0 4 14
12 14 1
6 8 16
21 2 17
4 9 10
12 16 9
2 4 3
19 22 7
6 9 16
4 6 16
0 3 9
9 11 17
18 21 17
6 9 13
5 9 12
14 17 10
0 4 9
8 13 20
0 4 6
16 18 2
14 16 20
16 18 8
8 10 3
3 5 20
19 21 3
15 20 17
4 7 16
9 12 2
