1000 20
13 8 15 6 19 14 4 6 9 15 3 9 7 16 17 18 11 6 9 16 
4 8 11
0 3 13
12 14 2
0 4 19
22 0 9
8 11 18
8 12 2
23 2 8
13 16 4
13 16 2
2 4 10
23 1 7
0 2 13
7 10 11
11 14 4
1 2 17
17 21 3
20 22 2
10 13 8
4 8 17
13 15 1
15 19 6
3 7 3
3 7 18
5 6 8
23 1 3
8 13 20
9 12 14
6 10 12
14 17 15
17 21 8
6 10 14
9 12 18
11 14 14
2 5 17
17 22 18
3 8 2
11 14 6
1 6 1
14 16 17
6 8 18
20 23 1
21 0 19
19 23 19
9 12 4
12 15 10
7 11 7
12 15 5
1 4 14
4 7 13
3 5 6
11 13 10
16 21 12
12 15 13
3 7 9
23 2 9
19 23 11
9 13 7
20 23 12
4 7 13
2 5 10
0 3 4
17 20 4
4 6 15
11 15 1
4 8 19
5 8 7
13 15 14
13 15 18
10 13 11
22 1 10
1 4 15
12 13 10
3 7 5
4 9 6
2 5 2
12 15 3
19 23 4
1 2 8
14 15 4
12 13 14
9 13 2
20 23 13
3 6 10
1 5 13
14 16 20
2 4 3
0 3 9
1 2 6
5 8 1
16 19 7
3 6 2
3 5 13
19 20 17
16 19 12
11 14 12
2 5 7
4 8 14
7 11 18
3 5 13
14 17 3
19 23 11
11 14 8
14 18 13
9 14 6
5 6 18
22 2 13
8 11 18
3 7 10
15 17 17
0 4 11
2 6 3
5 9 14
10 14 15
0 4 13
18 20 9
8 11 12
21 23 10
23 4 19
0 4 17
16 19 1
22 2 2
3 5 15
14 17 2
20 22 14
12 15 1
13 15 18
10 12 17
18 21 20
8 10 4
2 5 10
13 15 13
19 21 19
0 3 4
10 13 2
2 6 17
4 7 4
20 23 17
21 0 20
3 6 15
3 6 3
3 3 11
0 1 7
15 17 2
15 17 14
7 9 17
11 15 4
16 18 19
9 12 13
10 13 2
4 7 1
8 11 1
11 14 15
0 1 19
22 3 3
0 4 16
17 20 17
1 4 14
22 1 1
2 6 11
10 14 6
2 4 4
11 14 6
18 21 17
22 1 2
18 19 9
10 12 15
11 15 10
14 16 13
5 7 15
11 14 18
22 1 16
13 16 13
21 1 13
12 14 1
1 5 13
20 0 11
18 21 14
17 20 4
22 1 20
21 1 4
11 16 13
6 11 16
10 13 9
16 18 20
2 5 15
9 13 1
7 7 7
2 4 20
20 21 20
17 19 17
22 2 10
9 14 16
18 20 11
23 2 15
2 5 19
12 15 20
7 10 14
8 11 16
5 9 15
22 2 4
4 9 1
8 12 11
17 18 19
16 18 16
11 15 5
3 6 9
0 3 15
8 12 7
14 16 2
18 23 9
16 18 18
2 5 12
21 23 4
16 21 9
20 23 14
17 20 15
0 3 3
11 13 2
1 3 13
2 3 20
6 8 16
9 13 1
18 19 11
9 11 14
23 3 19
3 6 1
18 21 16
4 9 6
14 16 4
2 5 1
4 6 15
4 8 11
13 19 5
11 14 4
16 19 18
2 3 11
18 20 3
0 3 2
21 23 3
16 19 5
23 3 16
18 21 10
21 23 6
11 13 16
14 18 2
15 18 1
22 0 5
6 9 14
11 14 4
13 17 13
22 1 15
3 5 9
7 10 3
9 13 19
21 1 11
1 6 9
16 19 19
13 14 9
20 22 12
4 6 6
10 14 2
3 6 8
13 16 13
0 2 14
12 14 8
2 3 8
12 15 1
15 16 6
7 9 15
20 21 1
6 8 14
2 4 17
5 8 10
5 6 19
7 10 19
12 17 11
18 21 13
17 18 8
12 14 17
18 23 7
12 13 4
0 5 17
21 1 15
7 11 18
1 3 9
0 3 20
23 2 14
8 12 1
13 16 11
12 14 10
13 15 5
12 15 3
6 10 6
7 10 13
19 21 2
23 3 3
8 11 13
15 18 19
3 7 16
2 3 16
16 18 6
23 2 9
0 3 17
18 21 11
3 7 12
11 14 19
22 1 11
2 5 1
23 2 4
11 15 17
6 10 20
14 18 18
22 1 16
22 2 2
16 18 14
10 13 19
0 3 12
16 17 8
18 22 3
4 7 16
22 0 6
18 20 2
23 2 13
6 8 19
2 6 19
4 7 15
1 4 3
13 16 20
10 14 3
3 6 6
9 12 17
9 12 17
22 1 10
14 17 1
21 0 14
19 21 17
7 10 6
17 20 15
11 13 16
17 19 4
2 3 6
22 2 7
19 23 5
9 13 1
16 18 8
7 10 5
20 22 12
18 22 5
4 7 20
18 22 6
0 3 17
10 13 6
19 22 15
0 3 2
23 2 4
17 21 6
3 5 16
0 3 15
23 3 7
0 3 1
12 13 6
1 4 1
11 14 2
8 10 6
1 5 9
8 10 17
9 12 16
17 20 16
8 10 2
2 5 18
22 1 9
11 15 20
20 23 4
10 15 5
0 2 5
2 5 20
3 6 8
3 4 9
23 0 9
13 16 12
22 1 15
21 1 12
5 8 10
3 7 11
5 7 16
22 0 17
0 1 3
17 21 15
23 2 16
8 10 6
7 9 7
18 21 12
19 21 16
4 7 4
11 12 16
19 23 4
6 8 10
3 5 5
6 10 20
9 11 10
9 11 19
8 13 15
15 18 16
4 8 7
23 3 15
5 7 7
17 19 8
12 14 9
7 10 19
2 6 17
15 18 16
2 4 10
23 3 8
16 18 16
11 13 17
14 19 8
10 12 11
19 22 17
14 17 4
0 4 17
8 9 5
9 11 15
8 10 16
9 14 13
12 17 12
5 7 12
13 16 19
19 0 7
3 7 13
1 4 7
11 14 1
11 16 14
23 3 4
21 23 3
18 22 15
4 8 14
1 4 19
17 20 16
5 7 6
4 6 10
6 7 9
4 6 17
19 20 8
8 11 1
22 1 1
17 20 12
2 5 19
2 6 14
3 8 6
17 21 15
7 12 5
3 7 20
19 23 18
21 23 14
18 22 16
3 7 19
15 19 8
11 15 19
17 20 10
22 2 19
11 14 16
5 9 12
8 9 16
4 6 4
21 22 19
22 0 1
11 15 2
6 9 3
1 6 18
15 18 15
10 14 3
19 20 19
12 17 11
5 8 3
23 2 5
21 0 5
2 5 16
0 2 8
2 6 7
13 15 15
21 1 3
9 12 11
17 21 6
18 21 16
7 10 4
11 14 1
22 2 4
13 16 7
22 1 15
11 14 9
14 14 10
6 9 16
16 19 14
2 5 13
11 14 5
11 14 12
13 17 17
20 23 4
17 21 10
22 0 11
10 13 13
14 18 1
16 21 14
9 12 13
8 11 17
12 16 11
18 20 15
7 9 16
11 15 8
2 5 11
7 10 12
7 10 20
22 1 5
9 11 18
21 23 6
20 22 5
22 1 16
4 6 14
4 6 3
15 19 7
16 19 4
12 17 19
20 23 17
9 14 13
9 14 19
17 21 4
10 15 14
22 1 10
0 3 8
8 10 10
0 2 2
1 4 12
7 9 10
10 13 12
15 18 13
23 1 5
12 15 14
18 19 12
15 18 6
3 7 5
19 23 8
15 18 15
14 19 20
13 16 3
5 9 13
10 13 1
4 6 11
17 21 12
23 3 6
13 16 4
16 20 17
6 8 16
4 7 7
9 13 7
2 6 19
1 5 2
1 4 13
11 14 4
2 5 7
23 3 10
3 8 14
10 13 6
18 21 9
2 4 8
3 5 11
23 2 6
9 12 5
20 21 15
3 5 14
4 8 15
19 23 15
8 11 10
13 16 17
17 18 2
13 17 6
3 5 16
17 22 8
0 3 8
13 15 1
15 18 10
6 8 6
20 21 3
8 12 2
18 22 14
19 0 14
1 4 6
8 11 5
13 17 2
17 20 12
20 0 7
6 8 10
7 9 17
21 23 19
4 7 13
15 18 19
22 1 20
17 20 9
14 17 3
8 10 18
23 1 7
19 20 9
17 20 5
6 10 5
6 9 12
12 16 8
23 1 11
11 14 13
13 16 16
22 0 3
6 7 13
18 21 9
19 23 12
8 11 14
14 16 20
17 20 3
21 0 16
3 5 6
19 23 5
8 11 19
10 15 3
7 10 16
17 20 14
6 11 9
10 13 20
16 18 1
9 12 4
4 8 8
7 11 3
17 20 6
1 5 18
13 16 11
10 14 1
10 12 4
3 6 20
13 16 18
1 6 13
17 20 17
19 21 18
9 12 11
8 10 15
2 6 10
21 2 13
9 12 1
20 0 5
18 21 4
10 14 18
21 0 19
3 6 18
4 7 3
9 12 11
18 21 18
10 12 19
1 5 14
10 13 5
11 14 17
23 3 11
5 8 18
19 21 7
5 7 2
10 13 17
15 18 7
22 23 5
23 2 18
21 23 14
18 21 12
4 6 5
16 18 20
1 4 18
6 7 20
0 3 3
7 11 4
17 20 14
5 6 18
8 11 10
11 16 1
15 20 5
15 19 6
22 0 3
21 23 7
1 4 15
11 14 19
12 15 12
3 6 5
7 10 17
21 23 4
9 12 16
15 17 13
13 16 6
10 13 3
17 19 15
14 17 15
19 21 15
20 23 10
8 12 15
2 4 18
18 20 15
19 21 2
9 11 3
4 6 17
3 6 4
17 20 5
22 23 12
8 9 17
3 5 9
20 22 9
17 20 13
6 7 3
15 17 3
11 14 14
15 18 7
7 8 8
2 8 18
4 8 11
10 13 10
5 8 2
21 0 14
0 3 11
20 23 18
19 22 14
11 15 19
22 23 15
17 20 10
3 6 13
9 12 18
8 9 8
13 18 18
6 9 17
2 4 4
4 7 18
12 14 15
17 20 5
3 6 6
15 18 5
8 10 10
20 21 15
17 19 13
18 21 9
20 22 9
16 18 2
4 5 13
15 17 14
2 5 5
15 16 16
19 23 12
12 15 15
6 8 5
21 0 5
7 10 8
17 20 8
12 16 5
4 5 11
8 11 4
13 16 15
16 18 6
22 1 18
4 7 19
6 9 11
9 12 6
21 1 1
12 16 14
5 8 7
17 19 6
21 1 7
8 10 9
20 23 18
15 17 11
2 4 7
23 2 2
22 1 11
2 7 9
17 19 3
11 13 1
15 17 9
10 12 12
13 16 17
22 3 5
20 1 14
16 19 20
20 1 18
23 1 9
4 6 5
15 17 18
2 3 4
15 18 15
20 22 16
8 10 20
16 19 5
4 6 17
6 9 9
4 8 19
5 8 20
1 4 9
14 18 5
17 19 14
12 14 20
10 13 14
13 15 16
12 14 19
8 11 19
16 19 4
12 16 18
5 7 6
5 8 3
5 9 2
23 2 4
20 22 13
21 23 15
13 15 19
5 8 19
14 15 10
6 7 11
5 6 17
14 17 12
14 19 4
21 22 11
23 1 9
3 4 1
16 19 9
4 8 1
6 9 18
23 2 2
19 23 15
4 7 5
2 6 11
20 0 3
4 6 17
4 7 6
4 6 15
14 17 6
6 8 12
5 9 3
11 13 17
11 14 10
1 3 17
10 9 5
11 15 7
12 14 7
23 1 11
9 13 18
15 18 12
3 6 17
12 15 15
13 17 20
0 3 12
20 20 3
12 15 18
15 18 5
22 3 19
10 13 13
6 9 14
3 7 2
17 20 9
23 1 10
14 18 3
11 13 13
15 18 1
2 5 4
21 0 4
4 8 10
3 7 3
16 21 18
19 23 7
12 14 2
4 9 10
9 12 9
14 18 6
1 4 12
10 14 19
19 23 9
6 11 7
3 5 11
23 1 16
3 5 16
14 16 16
4 7 17
17 20 6
8 13 1
11 15 4
20 22 15
1 5 19
13 15 15
11 14 6
9 12 3
6 10 16
11 13 1
8 11 20
4 8 18
21 0 11
16 19 20
7 12 20
4 6 3
23 2 1
23 2 13
21 0 5
7 10 7
22 3 18
9 11 3
19 22 11
7 10 5
11 14 7
19 22 14
23 1 1
21 0 1
8 10 5
11 16 12
5 8 8
22 2 11
22 1 17
1 4 20
10 13 4
19 22 10
2 5 20
8 12 3
7 11 10
19 22 5
23 2 15
11 14 16
19 21 15
0 3 15
23 2 3
19 22 10
16 18 2
8 12 18
0 3 17
4 7 16
3 5 6
22 1 1
1 4 7
3 5 11
5 6 10
2 6 11
17 20 18
20 23 15
0 4 20
15 19 4
22 23 15
12 16 19
19 21 10
5 6 20
18 22 7
7 9 17
10 12 17
5 7 18
18 21 3
16 18 10
18 21 14
13 16 11
2 5 18
4 8 12
4 7 14
3 5 6
17 20 16
23 3 4
1 4 9
7 9 7
1 4 17
9 13 4
18 20 13
16 21 6
10 14 19
8 11 2
16 19 6
18 21 17
0 3 7
19 23 9
1 4 3
6 9 7
6 11 5
9 12 15
16 18 10
14 16 4
1 3 9
1 3 8
3 8 16
13 17 10
3 6 3
8 12 1
22 1 2
3 7 20
6 8 7
0 1 8
23 2 10
0 3 7
19 22 14
4 7 19
21 2 17
13 16 12
8 10 2
12 15 1
10 12 19
0 4 3
5 6 9
1 5 6
4 6 4
7 9 18
2 6 19
5 8 11
22 1 4
2 5 14
