500 8
2 1 5 4 5 1 8 7 
9 10 1
0 3 5
14 18 8
7 10 7
3 7 1
14 19 1
19 23 3
19 22 7
11 15 6
15 16 2
3 7 2
2 5 7
22 0 6
23 4 6
3 5 8
1 5 3
15 19 5
9 14 8
8 10 8
13 16 6
3 6 3
6 8 3
4 7 3
1 5 8
20 0 2
1 3 6
2 4 8
9 13 3
4 6 4
7 9 6
7 8 8
3 5 6
7 10 7
16 18 6
0 6 3
3 6 7
5 8 1
13 15 3
9 11 1
13 19 2
6 9 3
14 17 7
13 17 6
3 8 3
7 10 1
7 10 2
23 2 1
20 23 7
7 10 2
5 9 5
3 7 1
1 4 2
10 11 8
2 4 3
1 3 1
10 13 4
21 0 3
17 20 8
0 5 8
5 8 5
22 1 3
9 12 6
22 2 3
13 16 8
6 8 3
19 21 4
3 7 2
5 8 6
4 6 2
2 5 1
12 16 4
18 22 5
23 1 3
3 7 4
0 2 8
16 20 7
4 7 4
0 4 1
0 3 3
4 9 4
13 17 3
5 8 3
1 4 2
21 23 3
13 15 7
3 6 4
21 23 5
18 22 4
3 6 3
21 0 6
17 20 3
21 21 1
12 15 4
2 4 7
18 22 5
2 6 7
10 13 8
19 22 7
15 18 7
2 5 5
11 12 3
19 0 5
17 20 6
0 4 7
3 5 5
21 0 5
1 5 4
9 11 7
19 23 5
4 6 5
10 13 8
20 0 3
17 20 8
13 16 6
7 10 7
10 12 4
12 14 8
6 10 3
0 3 2
14 17 1
10 13 6
9 13 5
6 10 6
10 12 7
17 21 1
14 17 8
11 14 5
0 3 3
2 5 8
16 19 4
21 0 3
13 17 6
20 23 4
8 9 3
10 12 7
18 22 8
4 6 5
11 15 8
19 22 8
1 5 6
18 21 7
13 16 8
0 3 2
22 2 8
2 6 6
1 4 5
17 19 2
7 11 7
8 11 1
14 18 3
6 8 3
4 6 2
17 21 7
7 10 5
9 12 1
19 22 3
16 18 8
10 13 8
11 15 5
3 6 4
7 9 8
0 3 6
9 12 4
8 12 6
4 8 4
4 8 8
22 1 7
2 7 8
21 0 3
11 15 1
6 8 4
17 21 1
8 13 5
2 6 8
13 14 8
23 3 5
13 14 2
10 15 5
6 10 3
17 20 1
4 7 1
13 15 6
6 11 2
5 7 5
9 13 7
10 15 4
8 12 5
9 13 7
6 9 2
11 12 2
12 15 4
6 8 3
20 23 7
15 18 5
14 15 4
22 2 7
21 1 7
15 17 4
8 12 2
5 9 6
21 0 4
8 10 4
23 2 3
2 6 8
10 12 6
14 18 5
1 5 5
6 9 1
3 6 2
13 16 6
11 15 6
17 20 7
9 10 1
19 23 2
3 6 8
11 14 1
21 1 4
17 20 3
11 13 5
15 18 1
2 3 1
7 10 1
18 21 2
11 13 8
15 18 5
20 22 6
19 22 2
9 11 1
1 2 6
23 3 1
4 4 1
19 21 6
21 1 4
16 18 7
1 4 2
10 13 4
20 0 6
21 23 1
5 10 2
13 16 8
20 0 1
2 4 2
4 7 8
9 11 2
8 11 6
2 4 2
23 4 7
10 13 3
10 15 3
4 7 7
14 17 7
3 5 3
6 10 2
11 12 5
23 1 7
2 4 2
20 22 4
8 11 2
20 22 6
8 12 8
10 13 6
21 0 4
14 17 8
21 1 2
7 9 3
16 19 5
2 4 5
7 10 8
12 16 4
8 11 8
13 16 2
11 16 2
13 16 7
2 4 7
17 20 8
20 23 7
23 2 8
0 1 6
17 21 8
7 12 4
3 6 2
7 10 5
8 10 4
15 18 4
2 6 4
4 7 5
3 6 4
1 3 4
5 8 8
8 11 4
11 14 5
0 5 2
21 23 3
11 15 6
10 12 4
1 3 6
1 3 1
8 11 2
2 5 4
9 13 5
10 12 1
0 3 1
14 18 7
2 4 8
20 22 6
0 4 8
5 9 7
8 10 5
15 18 5
10 13 7
5 7 2
11 14 4
23 2 6
12 18 4
20 23 6
11 12 4
1 5 6
21 23 2
1 4 8
4 7 5
18 21 5
20 22 7
21 23 4
11 14 8
2 3 4
11 15 3
11 13 7
0 4 8
12 15 5
22 2 5
20 0 1
4 7 3
8 12 1
21 0 3
15 17 5
1 6 3
13 16 2
0 4 2
23 3 8
8 11 4
22 0 1
7 10 4
16 19 3
21 0 1
21 22 8
14 17 3
22 0 8
21 0 2
21 1 5
5 8 8
15 17 1
19 20 4
15 17 2
17 20 8
15 20 5
19 21 4
19 21 5
12 15 7
0 4 8
11 15 2
17 20 6
13 16 2
8 12 8
12 17 3
9 13 3
9 12 2
7 10 5
22 3 1
20 1 5
2 5 5
2 4 7
19 22 8
10 13 7
18 20 7
0 5 6
8 12 4
11 13 7
20 0 1
4 8 4
6 9 6
17 20 3
11 12 4
6 9 1
20 23 5
6 9 4
16 20 7
17 20 5
4 7 2
0 2 7
18 20 8
15 19 7
13 15 7
12 15 7
5 8 4
14 19 8
18 20 7
22 0 8
13 19 5
7 9 4
9 14 6
16 19 6
17 19 7
14 17 3
15 18 5
16 20 7
4 7 6
1 3 7
18 23 6
18 23 3
15 18 4
19 22 7
7 10 2
14 15 7
12 13 2
15 17 5
11 13 4
11 14 4
7 10 7
3 6 2
6 8 7
21 0 6
20 20 5
17 21 3
9 11 5
17 21 8
12 14 4
9 11 6
2 5 6
4 7 8
23 4 2
13 15 7
22 1 5
3 8 1
9 12 1
6 8 7
21 1 7
20 23 8
1 4 4
22 1 5
23 2 5
0 4 6
13 17 6
9 12 3
3 4 8
1 6 4
16 18 5
20 22 7
1 4 3
19 22 2
21 0 3
4 8 8
0 4 8
10 15 5
12 16 2
5 7 6
2 5 5
8 11 6
23 2 5
6 8 3
22 1 2
6 10 7
14 19 3
23 3 4
5 7 5
16 19 5
20 22 7
21 0 6
3 7 7
11 17 7
12 15 5
23 1 4
10 14 3
22 2 1
17 21 2
18 23 3
1 6 4
4 9 7
0 2 2
18 20 7
13 15 5
10 12 1
4 8 8
19 23 5
6 9 3
12 16 4
14 17 4
10 13 1
0 3 6
21 0 5
11 15 3
5 9 3
5 9 4
19 22 4
22 1 2
20 21 7
11 13 6
22 1 5
9 12 5
9 12 4
15 18 2
