200 6
4 1 6 4 2 6 
2 7 2
7 10 1
22 0 2
8 11 1
18 20 3
11 13 2
20 0 4
14 19 6
2 5 3
16 18 1
21 2 2
16 17 2
14 17 4
10 14 5
18 20 4
6 9 2
15 17 1
11 14 2
4 7 3
16 19 6
19 21 6
7 10 3
6 9 4
10 13 1
19 23 3
20 0 1
7 9 5
8 11 1
17 19 6
22 0 4
2 5 6
16 20 5
9 13 1
14 17 3
1 4 3
6 10 1
6 10 3
17 20 5
1 5 2
16 18 4
13 17 5
16 19 2
23 4 6
3 7 2
4 7 2
7 11 1
15 18 5
14 18 5
9 12 3
15 18 1
8 12 2
7 11 5
21 23 2
2 5 3
13 16 5
2 4 1
16 19 6
8 11 1
2 5 5
7 12 6
13 15 5
21 23 1
7 12 4
20 0 1
21 23 5
4 7 4
21 0 6
11 15 5
12 16 1
8 11 1
8 11 5
8 11 2
12 16 4
5 8 1
17 20 5
5 7 2
7 11 4
18 21 2
22 1 5
4 7 2
12 15 4
10 14 5
1 4 1
18 20 1
19 22 6
4 8 3
13 16 3
10 14 1
12 17 4
16 20 3
9 11 2
17 19 3
19 22 4
11 14 5
5 10 5
3 7 1
16 19 4
5 8 2
3 7 6
1 6 2
4 7 1
3 6 6
18 22 3
7 10 3
12 13 5
20 22 4
22 1 2
16 20 2
16 19 6
18 21 3
7 8 1
21 1 1
0 3 5
2 5 1
5 8 3
13 14 4
21 23 2
17 20 6
4 6 5
21 1 2
4 6 6
18 22 6
16 19 5
15 19 5
6 8 5
12 15 5
7 11 1
16 19 6
8 10 4
11 12 6
14 18 4
12 17 3
8 11 2
23 2 4
12 16 4
22 2 3
8 12 1
13 16 3
3 9 4
8 11 5
3 5 6
2 5 6
21 23 4
12 14 4
16 17 3
19 22 5
17 19 4
12 15 1
12 16 1
3 4 3
2 6 4
13 15 2
11 15 1
4 8 3
21 23 4
22 0 1
19 20 1
16 20 2
20 0 4
23 4 5
19 22 6
9 14 2
6 9 2
13 16 4
19 23 6
1 4 3
13 16 3
17 19 4
23 2 2
3 5 5
9 11 4
22 1 3
12 16 4
4 7 4
12 15 2
14 17 3
16 19 3
21 0 2
19 21 4
14 15 2
14 17 3
22 1 4
1 5 4
10 11 5
11 14 4
0 4 1
14 17 3
0 2 6
5 8 5
4 7 1
5 8 2
23 3 6
9 11 3
16 18 4
0 3 1
2 5 5
9 10 4
7 10 2
5 8 6
12 14 5
